% Private, deterministic, color-blind 
% fixed thresholds = 5
% lost_threshold = 2
metric1(1) = 0.190000;
metric2(1) = 0.413651;
metric1(2) = 0.223333;
metric2(2) = 0.386565;
metric1(3) = 0.196667;
metric2(3) = 0.459361;
metric1(4) = 0.063333;
metric2(4) = 0.469175;
metric1(5) = 0.200000;
metric2(5) = 0.431859;
metric1(6) = 0.220000;
metric2(6) = 0.412061;
metric1(7) = 0.153333;
metric2(7) = 0.385858;
metric1(8) = 0.156667;
metric2(8) = 0.418072;
metric1(9) = 0.176667;
metric2(9) = 0.415460;
metric1(10) = 0.216667;
metric2(10) = 0.389969;
