metric1(1) = 0.220588;
metric2(1) = 0.559610;
metric1(2) = 0.217391;
metric2(2) = 1.010893;
metric1(3) = 0.220588;
metric2(3) = 1.583139;