% Private, Probabilistic, n = 30, theta = 10, specialization + Adaptation, delta = -1/+1
privVar8_metric1(1) = 0.227778;
privVar8_metric2(1) = 0.382295;
privVar8_metric1(2) = 0.216667;
privVar8_metric2(2) = 0.533810;
privVar8_metric1(3) = 0.205556;
privVar8_metric2(3) = 0.575764;
privVar8_metric1(4) = 0.216667;
privVar8_metric2(4) = 0.570231;
privVar8_metric1(5) = 0.222222;
privVar8_metric2(5) = 0.530530;
privVar8_metric1(6) = 0.205556;
privVar8_metric2(6) = 0.574454;
privVar8_metric1(7) = 0.194444;
privVar8_metric2(7) = 0.563589;
privVar8_metric1(8) = 0.188889;
privVar8_metric2(8) = 0.590152;
privVar8_metric1(9) = 0.172222;
privVar8_metric2(9) = 0.678398;
privVar8_metric1(10) = 0.194444;
privVar8_metric2(10) = 0.608899;
privVar8_metric1(11) = 0.166667;
privVar8_metric2(11) = 0.638790;
privVar8_metric1(12) = 0.183333;
privVar8_metric2(12) = 0.601290;
privVar8_metric1(13) = 0.222222;
privVar8_metric2(13) = 0.535373;
privVar8_metric1(14) = 0.200000;
privVar8_metric2(14) = 0.588416;
privVar8_metric1(15) = 0.211111;
privVar8_metric2(15) = 0.523140;
privVar8_metric1(16) = 0.188889;
privVar8_metric2(16) = 0.590727;
privVar8_metric1(17) = 0.183333;
privVar8_metric2(17) = 0.599444;
privVar8_metric1(18) = 0.200000;
privVar8_metric2(18) = 0.641758;
privVar8_metric1(19) = 0.161111;
privVar8_metric2(19) = 0.684306;
privVar8_metric1(20) = 0.188889;
privVar8_metric2(20) = 0.634157;
privVar8_metric1(21) = 0.150000;
privVar8_metric2(21) = 0.656362;
privVar8_metric1(22) = 0.155556;
privVar8_metric2(22) = 0.728651;
privVar8_metric1(23) = 0.172222;
privVar8_metric2(23) = 0.683418;
privVar8_metric1(24) = 0.183333;
privVar8_metric2(24) = 0.615112;
privVar8_metric1(25) = 0.194444;
privVar8_metric2(25) = 0.567755;
privVar8_metric1(26) = 0.200000;
privVar8_metric2(26) = 0.609758;
privVar8_metric1(27) = 0.172222;
privVar8_metric2(27) = 0.643233;
privVar8_metric1(28) = 0.200000;
privVar8_metric2(28) = 0.585949;
privVar8_metric1(29) = 0.205556;
privVar8_metric2(29) = 0.570424;
privVar8_metric1(30) = 0.161111;
privVar8_metric2(30) = 0.687650;
privVar8_metric1(31) = 0.161111;
privVar8_metric2(31) = 0.698069;
privVar8_metric1(32) = 0.205556;
privVar8_metric2(32) = 0.598822;
privVar8_metric1(33) = 0.166667;
privVar8_metric2(33) = 0.662531;
privVar8_metric1(34) = 0.205556;
privVar8_metric2(34) = 0.566855;
privVar8_metric1(35) = 0.183333;
privVar8_metric2(35) = 0.682560;
privVar8_metric1(36) = 0.188889;
privVar8_metric2(36) = 0.504223;
privVar8_metric1(37) = 0.194444;
privVar8_metric2(37) = 0.642327;
privVar8_metric1(38) = 0.172222;
privVar8_metric2(38) = 0.690921;
privVar8_metric1(39) = 0.161111;
privVar8_metric2(39) = 0.724557;
privVar8_metric1(40) = 0.172222;
privVar8_metric2(40) = 0.668290;
