% Private, Fixed, Probabilistic, theta = 5, n = 30
metric1(1) = 0.194444;
metric2(1) = 0.544450;
metric1(2) = 0.183333;
metric2(2) = 0.541242;
metric1(3) = 0.144444;
metric2(3) = 0.455251;
metric1(4) = 0.216667;
metric2(4) = 0.498526;
metric1(5) = 0.216667;
metric2(5) = 0.494156;
metric1(6) = 0.205556;
metric2(6) = 0.475770;
metric1(7) = 0.194444;
metric2(7) = 0.519906;
metric1(8) = 0.172222;
metric2(8) = 0.556768;
metric1(9) = 0.227778;
metric2(9) = 0.521089;
metric1(10) = 0.227778;
metric2(10) = 0.471936;
metric1(11) = 0.172222;
metric2(11) = 0.514791;
metric1(12) = 0.188889;
metric2(12) = 0.455780;
metric1(13) = 0.177778;
metric2(13) = 0.570226;
metric1(14) = 0.211111;
metric2(14) = 0.485000;
metric1(15) = 0.150000;
metric2(15) = 0.511903;
metric1(16) = 0.194444;
metric2(16) = 0.512770;
metric1(17) = 0.216667;
metric2(17) = 0.476674;
metric1(18) = 0.188889;
metric2(18) = 0.470962;
metric1(19) = 0.222222;
metric2(19) = 0.511396;
metric1(20) = 0.250000;
metric2(20) = 0.390483;
metric1(21) = 0.194444;
metric2(21) = 0.502160;
metric1(22) = 0.233333;
metric2(22) = 0.477322;
metric1(23) = 0.250000;
metric2(23) = 0.436428;
metric1(24) = 0.200000;
metric2(24) = 0.533085;
metric1(25) = 0.183333;
metric2(25) = 0.556405;
metric1(26) = 0.205556;
metric2(26) = 0.521102;
metric1(27) = 0.238889;
metric2(27) = 0.446241;
metric1(28) = 0.233333;
metric2(28) = 0.465570;
metric1(29) = 0.183333;
metric2(29) = 0.541783;
metric1(30) = 0.233333;
metric2(30) = 0.409547;
metric1(31) = 0.144444;
metric2(31) = 0.604621;
metric1(32) = 0.211111;
metric2(32) = 0.408280;
metric1(33) = 0.188889;
metric2(33) = 0.502244;
metric1(34) = 0.216667;
metric2(34) = 0.429847;
metric1(35) = 0.233333;
metric2(35) = 0.463677;
metric1(36) = 0.200000;
metric2(36) = 0.458330;
metric1(37) = 0.222222;
metric2(37) = 0.403202;
metric1(38) = 0.211111;
metric2(38) = 0.445461;
metric1(39) = 0.238889;
metric2(39) = 0.409554;
metric1(40) = 0.216667;
metric2(40) = 0.472908;
