% Private, Probabilistic, n = 30, theta = 5, specialization, delta = -1/+1
metric1(1) = 0.172222;
metric2(1) = 0.500257;
metric1(2) = 0.194444;
metric2(2) = 0.485708;
metric1(3) = 0.172222;
metric2(3) = 0.410634;
metric1(4) = 0.138889;
metric2(4) = 0.402425;
metric1(5) = 0.166667;
metric2(5) = 0.430720;
metric1(6) = 0.144444;
metric2(6) = 0.535126;
metric1(7) = 0.122222;
metric2(7) = 0.547779;
metric1(8) = 0.127778;
metric2(8) = 0.662300;
metric1(9) = 0.083333;
metric2(9) = 0.628660;
metric1(10) = 0.155556;
metric2(10) = 0.561630;
metric1(11) = 0.077778;
metric2(11) = 0.784217;
metric1(12) = 0.127778;
metric2(12) = 0.680247;
metric1(13) = 0.133333;
metric2(13) = 0.570367;
metric1(14) = 0.061111;
metric2(14) = 0.558377;
metric1(15) = 0.088889;
metric2(15) = 0.720511;
metric1(16) = 0.094444;
metric2(16) = 0.703683;
metric1(17) = 0.088889;
metric2(17) = 0.587186;
metric1(18) = 0.105556;
metric2(18) = 0.668589;
metric1(19) = 0.116667;
metric2(19) = 0.505128;
metric1(20) = 0.133333;
metric2(20) = 0.633029;
metric1(21) = 0.088889;
metric2(21) = 0.644686;
metric1(22) = 0.077778;
metric2(22) = 0.692542;
metric1(23) = 0.144444;
metric2(23) = 0.554062;
metric1(24) = 0.027778;
metric2(24) = 0.593554;
metric1(25) = 0.061111;
metric2(25) = 0.629554;
metric1(26) = 0.161111;
metric2(26) = 0.517458;
metric1(27) = 0.138889;
metric2(27) = 0.537459;
metric1(28) = 0.072222;
metric2(28) = 0.855550;
metric1(29) = 0.138889;
metric2(29) = 0.607141;
metric1(30) = 0.116667;
metric2(30) = 0.575784;
metric1(31) = 0.055556;
metric2(31) = 0.712785;
metric1(32) = 0.122222;
metric2(32) = 0.644571;
metric1(33) = 0.138889;
metric2(33) = 0.699200;
metric1(34) = 0.166667;
metric2(34) = 0.707263;
metric1(35) = 0.150000;
metric2(35) = 0.658644;
metric1(36) = 0.100000;
metric2(36) = 0.742244;
metric1(37) = 0.116667;
metric2(37) = 0.793655;
metric1(38) = 0.127778;
metric2(38) = 0.600852;
metric1(39) = 0.105556;
metric2(39) = 0.895514;
metric1(40) = 0.100000;
metric2(40) = 0.699639;
