% Private, Probabilistic, n = 30, theta = 10, colorblind, delta = 0.01
metric1(1) = 0.150000;
metric2(1) = 0.529370;
metric1(2) = 0.183333;
metric2(2) = 0.501998;
metric1(3) = 0.205556;
metric2(3) = 0.432150;
metric1(4) = 0.222222;
metric2(4) = 0.438288;
metric1(5) = 0.200000;
metric2(5) = 0.439424;
metric1(6) = 0.200000;
metric2(6) = 0.500520;
metric1(7) = 0.194444;
metric2(7) = 0.476381;
metric1(8) = 0.172222;
metric2(8) = 0.546786;
metric1(9) = 0.200000;
metric2(9) = 0.482792;
metric1(10) = 0.188889;
metric2(10) = 0.518693;
metric1(11) = 0.172222;
metric2(11) = 0.569706;
metric1(12) = 0.188889;
metric2(12) = 0.506024;
metric1(13) = 0.250000;
metric2(13) = 0.365497;
metric1(14) = 0.211111;
metric2(14) = 0.415303;
metric1(15) = 0.250000;
metric2(15) = 0.391017;
metric1(16) = 0.183333;
metric2(16) = 0.460806;
metric1(17) = 0.216667;
metric2(17) = 0.444799;
metric1(18) = 0.194444;
metric2(18) = 0.515548;
metric1(19) = 0.177778;
metric2(19) = 0.518195;
metric1(20) = 0.216667;
metric2(20) = 0.535148;
metric1(21) = 0.222222;
metric2(21) = 0.427269;
metric1(22) = 0.238889;
metric2(22) = 0.424157;
metric1(23) = 0.200000;
metric2(23) = 0.451777;
metric1(24) = 0.216667;
metric2(24) = 0.433162;
metric1(25) = 0.244444;
metric2(25) = 0.386014;
metric1(26) = 0.227778;
metric2(26) = 0.395947;
metric1(27) = 0.216667;
metric2(27) = 0.415577;
metric1(28) = 0.194444;
metric2(28) = 0.531532;
metric1(29) = 0.188889;
metric2(29) = 0.513249;
metric1(30) = 0.211111;
metric2(30) = 0.477774;
metric1(31) = 0.188889;
metric2(31) = 0.524607;
metric1(32) = 0.200000;
metric2(32) = 0.531049;
metric1(33) = 0.188889;
metric2(33) = 0.533218;
metric1(34) = 0.216667;
metric2(34) = 0.437264;
metric1(35) = 0.233333;
metric2(35) = 0.426154;
metric1(36) = 0.194444;
metric2(36) = 0.492800;
metric1(37) = 0.227778;
metric2(37) = 0.414151;
metric1(38) = 0.222222;
metric2(38) = 0.385030;
metric1(39) = 0.188889;
metric2(39) = 0.574960;
metric1(40) = 0.205556;
metric2(40) = 0.472341;
