% Private, Probabilistic, n = 30, theta = 5, specialization, delta = -1/+1
privVar5_metric1(1) = 0.172222;
privVar5_metric2(1) = 0.500257;
privVar5_metric1(2) = 0.194444;
privVar5_metric2(2) = 0.485708;
privVar5_metric1(3) = 0.172222;
privVar5_metric2(3) = 0.410634;
privVar5_metric1(4) = 0.138889;
privVar5_metric2(4) = 0.402425;
privVar5_metric1(5) = 0.166667;
privVar5_metric2(5) = 0.430720;
privVar5_metric1(6) = 0.144444;
privVar5_metric2(6) = 0.535126;
privVar5_metric1(7) = 0.122222;
privVar5_metric2(7) = 0.547779;
privVar5_metric1(8) = 0.127778;
privVar5_metric2(8) = 0.662300;
privVar5_metric1(9) = 0.083333;
privVar5_metric2(9) = 0.628660;
privVar5_metric1(10) = 0.155556;
privVar5_metric2(10) = 0.561630;
privVar5_metric1(11) = 0.077778;
privVar5_metric2(11) = 0.784217;
privVar5_metric1(12) = 0.127778;
privVar5_metric2(12) = 0.680247;
privVar5_metric1(13) = 0.133333;
privVar5_metric2(13) = 0.570367;
privVar5_metric1(14) = 0.061111;
privVar5_metric2(14) = 0.558377;
privVar5_metric1(15) = 0.088889;
privVar5_metric2(15) = 0.720511;
privVar5_metric1(16) = 0.094444;
privVar5_metric2(16) = 0.703683;
privVar5_metric1(17) = 0.088889;
privVar5_metric2(17) = 0.587186;
privVar5_metric1(18) = 0.105556;
privVar5_metric2(18) = 0.668589;
privVar5_metric1(19) = 0.116667;
privVar5_metric2(19) = 0.505128;
privVar5_metric1(20) = 0.133333;
privVar5_metric2(20) = 0.633029;
privVar5_metric1(21) = 0.088889;
privVar5_metric2(21) = 0.644686;
privVar5_metric1(22) = 0.077778;
privVar5_metric2(22) = 0.692542;
privVar5_metric1(23) = 0.144444;
privVar5_metric2(23) = 0.554062;
privVar5_metric1(24) = 0.027778;
privVar5_metric2(24) = 0.593554;
privVar5_metric1(25) = 0.061111;
privVar5_metric2(25) = 0.629554;
privVar5_metric1(26) = 0.161111;
privVar5_metric2(26) = 0.517458;
privVar5_metric1(27) = 0.138889;
privVar5_metric2(27) = 0.537459;
privVar5_metric1(28) = 0.072222;
privVar5_metric2(28) = 0.855550;
privVar5_metric1(29) = 0.138889;
privVar5_metric2(29) = 0.607141;
privVar5_metric1(30) = 0.116667;
privVar5_metric2(30) = 0.575784;
privVar5_metric1(31) = 0.055556;
privVar5_metric2(31) = 0.712785;
privVar5_metric1(32) = 0.122222;
privVar5_metric2(32) = 0.644571;
privVar5_metric1(33) = 0.138889;
privVar5_metric2(33) = 0.699200;
privVar5_metric1(34) = 0.166667;
privVar5_metric2(34) = 0.707263;
privVar5_metric1(35) = 0.150000;
privVar5_metric2(35) = 0.658644;
privVar5_metric1(36) = 0.100000;
privVar5_metric2(36) = 0.742244;
privVar5_metric1(37) = 0.116667;
privVar5_metric2(37) = 0.793655;
privVar5_metric1(38) = 0.127778;
privVar5_metric2(38) = 0.600852;
privVar5_metric1(39) = 0.105556;
privVar5_metric2(39) = 0.895514;
privVar5_metric1(40) = 0.100000;
privVar5_metric2(40) = 0.699639;
