% Private, Probabilistic, n = 30, theta = 5, specialization, delta = -1/+2
privVar6_metric1(1) = 0.150000;
privVar6_metric2(1) = 0.495068;
privVar6_metric1(2) = 0.138889;
privVar6_metric2(2) = 0.463830;
privVar6_metric1(3) = 0.100000;
privVar6_metric2(3) = 0.518662;
privVar6_metric1(4) = 0.088889;
privVar6_metric2(4) = 0.599752;
privVar6_metric1(5) = 0.033333;
privVar6_metric2(5) = 0.542113;
privVar6_metric1(6) = 0.050000;
privVar6_metric2(6) = 0.588047;
privVar6_metric1(7) = 0.127778;
privVar6_metric2(7) = 0.725425;
privVar6_metric1(8) = 0.105556;
privVar6_metric2(8) = 0.597775;
privVar6_metric1(9) = 0.094444;
privVar6_metric2(9) = 0.580156;
privVar6_metric1(10) = 0.122222;
privVar6_metric2(10) = 0.454270;
privVar6_metric1(11) = 0.105556;
privVar6_metric2(11) = 0.720277;
privVar6_metric1(12) = 0.111111;
privVar6_metric2(12) = 0.708003;
privVar6_metric1(13) = 0.100000;
privVar6_metric2(13) = 0.724243;
privVar6_metric1(14) = 0.150000;
privVar6_metric2(14) = 0.634610;
privVar6_metric1(15) = 0.061111;
privVar6_metric2(15) = 0.751876;
privVar6_metric1(16) = 0.100000;
privVar6_metric2(16) = 0.709612;
privVar6_metric1(17) = 0.116667;
privVar6_metric2(17) = 0.895224;
privVar6_metric1(18) = 0.083333;
privVar6_metric2(18) = 0.899056;
privVar6_metric1(19) = 0.055556;
privVar6_metric2(19) = 0.608957;
privVar6_metric1(20) = 0.155556;
privVar6_metric2(20) = 0.619887;
privVar6_metric1(21) = 0.105556;
privVar6_metric2(21) = 0.647688;
privVar6_metric1(22) = 0.105556;
privVar6_metric2(22) = 0.580116;
privVar6_metric1(23) = 0.088889;
privVar6_metric2(23) = 0.884378;
privVar6_metric1(24) = 0.094444;
privVar6_metric2(24) = 0.665299;
privVar6_metric1(25) = 0.127778;
privVar6_metric2(25) = 0.640547;
privVar6_metric1(26) = 0.011111;
privVar6_metric2(26) = 1.313939;
privVar6_metric1(27) = 0.072222;
privVar6_metric2(27) = 0.555155;
privVar6_metric1(28) = 0.155556;
privVar6_metric2(28) = 0.696658;
privVar6_metric1(29) = 0.133333;
privVar6_metric2(29) = 0.715187;
privVar6_metric1(30) = 0.094444;
privVar6_metric2(30) = 0.770079;
privVar6_metric1(31) = 0.083333;
privVar6_metric2(31) = 0.683902;
privVar6_metric1(32) = 0.088889;
privVar6_metric2(32) = 0.644427;
privVar6_metric1(33) = 0.144444;
privVar6_metric2(33) = 0.546436;
privVar6_metric1(34) = 0.111111;
privVar6_metric2(34) = 0.627579;
privVar6_metric1(35) = 0.088889;
privVar6_metric2(35) = 0.710646;
privVar6_metric1(36) = 0.133333;
privVar6_metric2(36) = 0.671585;
privVar6_metric1(37) = 0.133333;
privVar6_metric2(37) = 0.752016;
privVar6_metric1(38) = 0.155556;
privVar6_metric2(38) = 0.702612;
privVar6_metric1(39) = 0.133333;
privVar6_metric2(39) = 0.713754;
privVar6_metric1(40) = 0.088889;
privVar6_metric2(40) = 0.720640;
