% Private, Probabilistic(n=30), Adaptive thresholds (delta = 0.1) Initial threshold = 10
privVar3_metric1(1) = 0.194444;
privVar3_metric2(1) = 0.671593;
privVar3_metric1(2) = 0.205556;
privVar3_metric2(2) = 0.637565;
privVar3_metric1(3) = 0.205556;
privVar3_metric2(3) = 0.630310;
privVar3_metric1(4) = 0.188889;
privVar3_metric2(4) = 0.689263;
privVar3_metric1(5) = 0.216667;
privVar3_metric2(5) = 0.567263;
privVar3_metric1(6) = 0.155556;
privVar3_metric2(6) = 0.847984;
privVar3_metric1(7) = 0.188889;
privVar3_metric2(7) = 0.657182;
privVar3_metric1(8) = 0.183333;
privVar3_metric2(8) = 0.726578;
privVar3_metric1(9) = 0.177778;
privVar3_metric2(9) = 0.792648;
privVar3_metric1(10) = 0.188889;
privVar3_metric2(10) = 0.638533;
privVar3_metric1(11) = 0.211111;
privVar3_metric2(11) = 0.642514;
privVar3_metric1(12) = 0.200000;
privVar3_metric2(12) = 0.667605;
privVar3_metric1(13) = 0.205556;
privVar3_metric2(13) = 0.612027;
privVar3_metric1(14) = 0.200000;
privVar3_metric2(14) = 0.683683;
privVar3_metric1(15) = 0.150000;
privVar3_metric2(15) = 0.708918;
privVar3_metric1(16) = 0.194444;
privVar3_metric2(16) = 0.660280;
privVar3_metric1(17) = 0.205556;
privVar3_metric2(17) = 0.618170;
privVar3_metric1(18) = 0.188889;
privVar3_metric2(18) = 0.725335;
privVar3_metric1(19) = 0.194444;
privVar3_metric2(19) = 0.674453;
privVar3_metric1(20) = 0.211111;
privVar3_metric2(20) = 0.565989;
privVar3_metric1(21) = 0.183333;
privVar3_metric2(21) = 0.728352;
privVar3_metric1(22) = 0.194444;
privVar3_metric2(22) = 0.606059;
privVar3_metric1(23) = 0.177778;
privVar3_metric2(23) = 0.765331;
privVar3_metric1(24) = 0.155556;
privVar3_metric2(24) = 0.755358;
privVar3_metric1(25) = 0.211111;
privVar3_metric2(25) = 0.609429;
privVar3_metric1(26) = 0.183333;
privVar3_metric2(26) = 0.733232;
privVar3_metric1(27) = 0.200000;
privVar3_metric2(27) = 0.672980;
privVar3_metric1(28) = 0.205556;
privVar3_metric2(28) = 0.644581;
privVar3_metric1(29) = 0.238889;
privVar3_metric2(29) = 0.524051;
privVar3_metric1(30) = 0.211111;
privVar3_metric2(30) = 0.609059;
privVar3_metric1(31) = 0.200000;
privVar3_metric2(31) = 0.582882;
privVar3_metric1(32) = 0.177778;
privVar3_metric2(32) = 0.788663;
privVar3_metric1(33) = 0.188889;
privVar3_metric2(33) = 0.680369;
privVar3_metric1(34) = 0.244444;
privVar3_metric2(34) = 0.541789;
privVar3_metric1(35) = 0.166667;
privVar3_metric2(35) = 0.731568;
privVar3_metric1(36) = 0.188889;
privVar3_metric2(36) = 0.643208;
privVar3_metric1(37) = 0.194444;
privVar3_metric2(37) = 0.638453;
privVar3_metric1(38) = 0.177778;
privVar3_metric2(38) = 0.743741;
privVar3_metric1(39) = 0.183333;
privVar3_metric2(39) = 0.711105;
privVar3_metric1(40) = 0.205556;
privVar3_metric2(40) = 0.603009;
