% Private, Probabilistic, n=30, theta = 5, colorblind, delta = 0.01 
privVar2_metric1(1) = 0.188889;
privVar2_metric2(1) = 0.537113;
privVar2_metric1(2) = 0.227778;
privVar2_metric2(2) = 0.398001;
privVar2_metric1(3) = 0.216667;
privVar2_metric2(3) = 0.463423;
privVar2_metric1(4) = 0.205556;
privVar2_metric2(4) = 0.438967;
privVar2_metric1(5) = 0.200000;
privVar2_metric2(5) = 0.461921;
privVar2_metric1(6) = 0.216667;
privVar2_metric2(6) = 0.436086;
privVar2_metric1(7) = 0.205556;
privVar2_metric2(7) = 0.485672;
privVar2_metric1(8) = 0.211111;
privVar2_metric2(8) = 0.463141;
privVar2_metric1(9) = 0.200000;
privVar2_metric2(9) = 0.463283;
privVar2_metric1(10) = 0.200000;
privVar2_metric2(10) = 0.523621;
privVar2_metric1(11) = 0.166667;
privVar2_metric2(11) = 0.540334;
privVar2_metric1(12) = 0.194444;
privVar2_metric2(12) = 0.539399;
privVar2_metric1(13) = 0.161111;
privVar2_metric2(13) = 0.638670;
privVar2_metric1(14) = 0.194444;
privVar2_metric2(14) = 0.517019;
privVar2_metric1(15) = 0.200000;
privVar2_metric2(15) = 0.497331;
privVar2_metric1(16) = 0.227778;
privVar2_metric2(16) = 0.409648;
privVar2_metric1(17) = 0.211111;
privVar2_metric2(17) = 0.456913;
privVar2_metric1(18) = 0.155556;
privVar2_metric2(18) = 0.642028;
privVar2_metric1(19) = 0.211111;
privVar2_metric2(19) = 0.432581;
privVar2_metric1(20) = 0.194444;
privVar2_metric2(20) = 0.476329;
privVar2_metric1(21) = 0.216667;
privVar2_metric2(21) = 0.452246;
privVar2_metric1(22) = 0.200000;
privVar2_metric2(22) = 0.446108;
privVar2_metric1(23) = 0.211111;
privVar2_metric2(23) = 0.440488;
privVar2_metric1(24) = 0.205556;
privVar2_metric2(24) = 0.494114;
privVar2_metric1(25) = 0.194444;
privVar2_metric2(25) = 0.530144;
privVar2_metric1(26) = 0.172222;
privVar2_metric2(26) = 0.590681;
privVar2_metric1(27) = 0.172222;
privVar2_metric2(27) = 0.562972;
privVar2_metric1(28) = 0.205556;
privVar2_metric2(28) = 0.510383;
privVar2_metric1(29) = 0.188889;
privVar2_metric2(29) = 0.485738;
privVar2_metric1(30) = 0.188889;
privVar2_metric2(30) = 0.527424;
privVar2_metric1(31) = 0.188889;
privVar2_metric2(31) = 0.562088;
privVar2_metric1(32) = 0.194444;
privVar2_metric2(32) = 0.478284;
privVar2_metric1(33) = 0.222222;
privVar2_metric2(33) = 0.395738;
privVar2_metric1(34) = 0.200000;
privVar2_metric2(34) = 0.452254;
privVar2_metric1(35) = 0.194444;
privVar2_metric2(35) = 0.527204;
privVar2_metric1(36) = 0.216667;
privVar2_metric2(36) = 0.445729;
privVar2_metric1(37) = 0.161111;
privVar2_metric2(37) = 0.563805;
privVar2_metric1(38) = 0.216667;
privVar2_metric2(38) = 0.495790;
privVar2_metric1(39) = 0.194444;
privVar2_metric2(39) = 0.441691;
privVar2_metric1(40) = 0.233333;
privVar2_metric2(40) = 0.401294;
