% Private, Probabilistic, n = 30, theta = 5, specialization + Adaptation, delta = -0.5/+1.5
privVar7_metric1(1) = 0.211111;
privVar7_metric2(1) = 0.512942;
privVar7_metric1(2) = 0.227778;
privVar7_metric2(2) = 0.480795;
privVar7_metric1(3) = 0.205556;
privVar7_metric2(3) = 0.492829;
privVar7_metric1(4) = 0.161111;
privVar7_metric2(4) = 0.645406;
privVar7_metric1(5) = 0.194444;
privVar7_metric2(5) = 0.533622;
privVar7_metric1(6) = 0.172222;
privVar7_metric2(6) = 0.546815;
privVar7_metric1(7) = 0.233333;
privVar7_metric2(7) = 0.416188;
privVar7_metric1(8) = 0.183333;
privVar7_metric2(8) = 0.562624;
privVar7_metric1(9) = 0.166667;
privVar7_metric2(9) = 0.680442;
privVar7_metric1(10) = 0.155556;
privVar7_metric2(10) = 0.586178;
privVar7_metric1(11) = 0.150000;
privVar7_metric2(11) = 0.669286;
privVar7_metric1(12) = 0.161111;
privVar7_metric2(12) = 0.586389;
privVar7_metric1(13) = 0.200000;
privVar7_metric2(13) = 0.476241;
privVar7_metric1(14) = 0.161111;
privVar7_metric2(14) = 0.630806;
privVar7_metric1(15) = 0.222222;
privVar7_metric2(15) = 0.475667;
privVar7_metric1(16) = 0.183333;
privVar7_metric2(16) = 0.510037;
privVar7_metric1(17) = 0.177778;
privVar7_metric2(17) = 0.550505;
privVar7_metric1(18) = 0.194444;
privVar7_metric2(18) = 0.547227;
privVar7_metric1(19) = 0.155556;
privVar7_metric2(19) = 0.571523;
privVar7_metric1(20) = 0.155556;
privVar7_metric2(20) = 0.689510;
privVar7_metric1(21) = 0.183333;
privVar7_metric2(21) = 0.654989;
privVar7_metric1(22) = 0.188889;
privVar7_metric2(22) = 0.555141;
privVar7_metric1(23) = 0.200000;
privVar7_metric2(23) = 0.504715;
privVar7_metric1(24) = 0.183333;
privVar7_metric2(24) = 0.571634;
privVar7_metric1(25) = 0.211111;
privVar7_metric2(25) = 0.545560;
privVar7_metric1(26) = 0.188889;
privVar7_metric2(26) = 0.573994;
privVar7_metric1(27) = 0.144444;
privVar7_metric2(27) = 0.743030;
privVar7_metric1(28) = 0.105556;
privVar7_metric2(28) = 0.720999;
privVar7_metric1(29) = 0.172222;
privVar7_metric2(29) = 0.603758;
privVar7_metric1(30) = 0.166667;
privVar7_metric2(30) = 0.694480;
privVar7_metric1(31) = 0.166667;
privVar7_metric2(31) = 0.659992;
privVar7_metric1(32) = 0.150000;
privVar7_metric2(32) = 0.582899;
privVar7_metric1(33) = 0.172222;
privVar7_metric2(33) = 0.616646;
privVar7_metric1(34) = 0.144444;
privVar7_metric2(34) = 0.830322;
privVar7_metric1(35) = 0.161111;
privVar7_metric2(35) = 0.578331;
privVar7_metric1(36) = 0.183333;
privVar7_metric2(36) = 0.552799;
privVar7_metric1(37) = 0.177778;
privVar7_metric2(37) = 0.631040;
privVar7_metric1(38) = 0.194444;
privVar7_metric2(38) = 0.508680;
privVar7_metric1(39) = 0.138889;
privVar7_metric2(39) = 0.455055;
privVar7_metric1(40) = 0.166667;
privVar7_metric2(40) = 0.606211;
