% Private, Probabilistic, n = 30, theta = 5, specialization, delta = -1/+2
metric1(1) = 0.150000;
metric2(1) = 0.495068;
metric1(2) = 0.138889;
metric2(2) = 0.463830;
metric1(3) = 0.100000;
metric2(3) = 0.518662;
metric1(4) = 0.088889;
metric2(4) = 0.599752;
metric1(5) = 0.033333;
metric2(5) = 0.542113;
metric1(6) = 0.050000;
metric2(6) = 0.588047;
metric1(7) = 0.127778;
metric2(7) = 0.725425;
metric1(8) = 0.105556;
metric2(8) = 0.597775;
metric1(9) = 0.094444;
metric2(9) = 0.580156;
metric1(10) = 0.122222;
metric2(10) = 0.454270;
metric1(11) = 0.105556;
metric2(11) = 0.720277;
metric1(12) = 0.111111;
metric2(12) = 0.708003;
metric1(13) = 0.100000;
metric2(13) = 0.724243;
metric1(14) = 0.150000;
metric2(14) = 0.634610;
metric1(15) = 0.061111;
metric2(15) = 0.751876;
metric1(16) = 0.100000;
metric2(16) = 0.709612;
metric1(17) = 0.116667;
metric2(17) = 0.895224;
metric1(18) = 0.083333;
metric2(18) = 0.899056;
metric1(19) = 0.055556;
metric2(19) = 0.608957;
metric1(20) = 0.155556;
metric2(20) = 0.619887;
metric1(21) = 0.105556;
metric2(21) = 0.647688;
metric1(22) = 0.105556;
metric2(22) = 0.580116;
metric1(23) = 0.088889;
metric2(23) = 0.884378;
metric1(24) = 0.094444;
metric2(24) = 0.665299;
metric1(25) = 0.127778;
metric2(25) = 0.640547;
metric1(26) = 0.011111;
metric2(26) = 1.313939;
metric1(27) = 0.072222;
metric2(27) = 0.555155;
metric1(28) = 0.155556;
metric2(28) = 0.696658;
metric1(29) = 0.133333;
metric2(29) = 0.715187;
metric1(30) = 0.094444;
metric2(30) = 0.770079;
metric1(31) = 0.083333;
metric2(31) = 0.683902;
metric1(32) = 0.088889;
metric2(32) = 0.644427;
metric1(33) = 0.144444;
metric2(33) = 0.546436;
metric1(34) = 0.111111;
metric2(34) = 0.627579;
metric1(35) = 0.088889;
metric2(35) = 0.710646;
metric1(36) = 0.133333;
metric2(36) = 0.671585;
metric1(37) = 0.133333;
metric2(37) = 0.752016;
metric1(38) = 0.155556;
metric2(38) = 0.702612;
metric1(39) = 0.133333;
metric2(39) = 0.713754;
metric1(40) = 0.088889;
metric2(40) = 0.720640;
