% Private, Deterministic, theta = 8, colorblind
privFixed2_metric1(1) = 0.100000;
privFixed2_metric2(1) = 0.319312;
privFixed2_metric1(2) = 0.138889;
privFixed2_metric2(2) = 0.277568;
privFixed2_metric1(3) = 0.088889;
privFixed2_metric2(3) = 0.266384;
privFixed2_metric1(4) = 0.061111;
privFixed2_metric2(4) = 0.284602;
privFixed2_metric1(5) = 0.100000;
privFixed2_metric2(5) = 0.305178;
privFixed2_metric1(6) = 0.105556;
privFixed2_metric2(6) = 0.335645;
privFixed2_metric1(7) = 0.066667;
privFixed2_metric2(7) = 0.365121;
privFixed2_metric1(8) = 0.122222;
privFixed2_metric2(8) = 0.290488;
privFixed2_metric1(9) = 0.122222;
privFixed2_metric2(9) = 0.287439;
privFixed2_metric1(10) = 0.111111;
privFixed2_metric2(10) = 0.268603;
privFixed2_metric1(11) = 0.066667;
privFixed2_metric2(11) = 0.267948;
privFixed2_metric1(12) = 0.100000;
privFixed2_metric2(12) = 0.291522;
privFixed2_metric1(13) = 0.116667;
privFixed2_metric2(13) = 0.261452;
privFixed2_metric1(14) = 0.105556;
privFixed2_metric2(14) = 0.387566;
privFixed2_metric1(15) = 0.122222;
privFixed2_metric2(15) = 0.266005;
privFixed2_metric1(16) = 0.083333;
privFixed2_metric2(16) = 0.310294;
privFixed2_metric1(17) = 0.100000;
privFixed2_metric2(17) = 0.332991;
privFixed2_metric1(18) = 0.050000;
privFixed2_metric2(18) = 0.372753;
privFixed2_metric1(19) = 0.038889;
privFixed2_metric2(19) = 0.306422;
privFixed2_metric1(20) = 0.033333;
privFixed2_metric2(20) = 0.319215;
privFixed2_metric1(21) = 0.050000;
privFixed2_metric2(21) = 0.242936;
privFixed2_metric1(22) = 0.144444;
privFixed2_metric2(22) = 0.301618;
privFixed2_metric1(23) = 0.038889;
privFixed2_metric2(23) = 0.368879;
privFixed2_metric1(24) = 0.111111;
privFixed2_metric2(24) = 0.305654;
privFixed2_metric1(25) = 0.122222;
privFixed2_metric2(25) = 0.244296;
privFixed2_metric1(26) = 0.072222;
privFixed2_metric2(26) = 0.273669;
privFixed2_metric1(27) = 0.061111;
privFixed2_metric2(27) = 0.357570;
privFixed2_metric1(28) = 0.050000;
privFixed2_metric2(28) = 0.336105;
privFixed2_metric1(29) = 0.116667;
privFixed2_metric2(29) = 0.280413;
privFixed2_metric1(30) = 0.127778;
privFixed2_metric2(30) = 0.309647;
privFixed2_metric1(31) = 0.116667;
privFixed2_metric2(31) = 0.334853;
privFixed2_metric1(32) = 0.088889;
privFixed2_metric2(32) = 0.271613;
privFixed2_metric1(33) = 0.038889;
privFixed2_metric2(33) = 0.324022;
privFixed2_metric1(34) = 0.077778;
privFixed2_metric2(34) = 0.300174;
privFixed2_metric1(35) = 0.050000;
privFixed2_metric2(35) = 0.380017;
privFixed2_metric1(36) = 0.122222;
privFixed2_metric2(36) = 0.271019;
privFixed2_metric1(37) = 0.127778;
privFixed2_metric2(37) = 0.274569;
privFixed2_metric1(38) = 0.105556;
privFixed2_metric2(38) = 0.277030;
privFixed2_metric1(39) = 0.055556;
privFixed2_metric2(39) = 0.242629;
privFixed2_metric1(40) = 0.100000;
privFixed2_metric2(40) = 0.289828;
