% Private, Fixed, Probabilistic, theta = 5, n = 10
metric1(1) = 0.222222;
metric2(1) = 0.424773;
metric1(2) = 0.200000;
metric2(2) = 0.396313;
metric1(3) = 0.166667;
metric2(3) = 0.441426;
metric1(4) = 0.138889;
metric2(4) = 0.471365;
metric1(5) = 0.194444;
metric2(5) = 0.495753;
metric1(6) = 0.227778;
metric2(6) = 0.411581;
metric1(7) = 0.172222;
metric2(7) = 0.456407;
metric1(8) = 0.194444;
metric2(8) = 0.396933;
metric1(9) = 0.222222;
metric2(9) = 0.399189;
metric1(10) = 0.194444;
metric2(10) = 0.431625;
metric1(11) = 0.233333;
metric2(11) = 0.365323;
metric1(12) = 0.200000;
metric2(12) = 0.413341;
metric1(13) = 0.061111;
metric2(13) = 0.530309;
metric1(14) = 0.188889;
metric2(14) = 0.414028;
metric1(15) = 0.100000;
metric2(15) = 0.421442;
metric1(16) = 0.194444;
metric2(16) = 0.360044;
metric1(17) = 0.194444;
metric2(17) = 0.405842;
metric1(18) = 0.200000;
metric2(18) = 0.436683;
metric1(19) = 0.172222;
metric2(19) = 0.449391;
metric1(20) = 0.211111;
metric2(20) = 0.409011;
metric1(21) = 0.194444;
metric2(21) = 0.344293;
metric1(22) = 0.211111;
metric2(22) = 0.400412;
metric1(23) = 0.161111;
metric2(23) = 0.544878;
metric1(24) = 0.083333;
metric2(24) = 0.631414;
metric1(25) = 0.177778;
metric2(25) = 0.475149;
metric1(26) = 0.161111;
metric2(26) = 0.379377;
metric1(27) = 0.222222;
metric2(27) = 0.439518;
metric1(28) = 0.150000;
metric2(28) = 0.403742;
metric1(29) = 0.205556;
metric2(29) = 0.391839;
metric1(30) = 0.155556;
metric2(30) = 0.555244;
metric1(31) = 0.194444;
metric2(31) = 0.430216;
metric1(32) = 0.222222;
metric2(32) = 0.368798;
metric1(33) = 0.200000;
metric2(33) = 0.472189;
metric1(34) = 0.227778;
metric2(34) = 0.403688;
metric1(35) = 0.161111;
metric2(35) = 0.431886;
metric1(36) = 0.227778;
metric2(36) = 0.385983;
metric1(37) = 0.244444;
metric2(37) = 0.392522;
metric1(38) = 0.183333;
metric2(38) = 0.432792;
metric1(39) = 0.222222;
metric2(39) = 0.430641;
metric1(40) = 0.188889;
metric2(40) = 0.446079;
