% Private, Probabilistic, n = 30, theta = 10, colorblind, delta = 0.01
privVar4_metric1(1) = 0.150000;
privVar4_metric2(1) = 0.529370;
privVar4_metric1(2) = 0.183333;
privVar4_metric2(2) = 0.501998;
privVar4_metric1(3) = 0.205556;
privVar4_metric2(3) = 0.432150;
privVar4_metric1(4) = 0.222222;
privVar4_metric2(4) = 0.438288;
privVar4_metric1(5) = 0.200000;
privVar4_metric2(5) = 0.439424;
privVar4_metric1(6) = 0.200000;
privVar4_metric2(6) = 0.500520;
privVar4_metric1(7) = 0.194444;
privVar4_metric2(7) = 0.476381;
privVar4_metric1(8) = 0.172222;
privVar4_metric2(8) = 0.546786;
privVar4_metric1(9) = 0.200000;
privVar4_metric2(9) = 0.482792;
privVar4_metric1(10) = 0.188889;
privVar4_metric2(10) = 0.518693;
privVar4_metric1(11) = 0.172222;
privVar4_metric2(11) = 0.569706;
privVar4_metric1(12) = 0.188889;
privVar4_metric2(12) = 0.506024;
privVar4_metric1(13) = 0.250000;
privVar4_metric2(13) = 0.365497;
privVar4_metric1(14) = 0.211111;
privVar4_metric2(14) = 0.415303;
privVar4_metric1(15) = 0.250000;
privVar4_metric2(15) = 0.391017;
privVar4_metric1(16) = 0.183333;
privVar4_metric2(16) = 0.460806;
privVar4_metric1(17) = 0.216667;
privVar4_metric2(17) = 0.444799;
privVar4_metric1(18) = 0.194444;
privVar4_metric2(18) = 0.515548;
privVar4_metric1(19) = 0.177778;
privVar4_metric2(19) = 0.518195;
privVar4_metric1(20) = 0.216667;
privVar4_metric2(20) = 0.535148;
privVar4_metric1(21) = 0.222222;
privVar4_metric2(21) = 0.427269;
privVar4_metric1(22) = 0.238889;
privVar4_metric2(22) = 0.424157;
privVar4_metric1(23) = 0.200000;
privVar4_metric2(23) = 0.451777;
privVar4_metric1(24) = 0.216667;
privVar4_metric2(24) = 0.433162;
privVar4_metric1(25) = 0.244444;
privVar4_metric2(25) = 0.386014;
privVar4_metric1(26) = 0.227778;
privVar4_metric2(26) = 0.395947;
privVar4_metric1(27) = 0.216667;
privVar4_metric2(27) = 0.415577;
privVar4_metric1(28) = 0.194444;
privVar4_metric2(28) = 0.531532;
privVar4_metric1(29) = 0.188889;
privVar4_metric2(29) = 0.513249;
privVar4_metric1(30) = 0.211111;
privVar4_metric2(30) = 0.477774;
privVar4_metric1(31) = 0.188889;
privVar4_metric2(31) = 0.524607;
privVar4_metric1(32) = 0.200000;
privVar4_metric2(32) = 0.531049;
privVar4_metric1(33) = 0.188889;
privVar4_metric2(33) = 0.533218;
privVar4_metric1(34) = 0.216667;
privVar4_metric2(34) = 0.437264;
privVar4_metric1(35) = 0.233333;
privVar4_metric2(35) = 0.426154;
privVar4_metric1(36) = 0.194444;
privVar4_metric2(36) = 0.492800;
privVar4_metric1(37) = 0.227778;
privVar4_metric2(37) = 0.414151;
privVar4_metric1(38) = 0.222222;
privVar4_metric2(38) = 0.385030;
privVar4_metric1(39) = 0.188889;
privVar4_metric2(39) = 0.574960;
privVar4_metric1(40) = 0.205556;
privVar4_metric2(40) = 0.472341;
