metric1(1) = 0.133333;
metric2(1) = 0.330384;
metric1(2) = 0.133333;
metric2(2) = 0.404425;
metric1(3) = 0.177778;
metric2(3) = 0.328661;
metric1(4) = 0.116667;
metric2(4) = 0.331093;
metric1(5) = 0.088889;
metric2(5) = 0.314941;
metric1(6) = 0.094444;
metric2(6) = 0.273474;
metric1(7) = 0.061111;
metric2(7) = 0.354028;
metric1(8) = 0.116667;
metric2(8) = 0.400011;
metric1(9) = 0.138889;
metric2(9) = 0.348957;
metric1(10) = 0.188889;
metric2(10) = 0.326238;
metric1(11) = 0.177778;
metric2(11) = 0.324827;
metric1(12) = 0.161111;
metric2(12) = 0.299942;
metric1(13) = 0.111111;
metric2(13) = 0.307262;
metric1(14) = 0.122222;
metric2(14) = 0.343059;
metric1(15) = 0.177778;
metric2(15) = 0.319519;
metric1(16) = 0.155556;
metric2(16) = 0.361206;
metric1(17) = 0.188889;
metric2(17) = 0.341656;
metric1(18) = 0.088889;
metric2(18) = 0.409995;
metric1(19) = 0.166667;
metric2(19) = 0.287011;
metric1(20) = 0.127778;
metric2(20) = 0.310453;
metric1(21) = 0.172222;
metric2(21) = 0.361011;
metric1(22) = 0.116667;
metric2(22) = 0.303252;
metric1(23) = 0.216667;
metric2(23) = 0.306083;
metric1(24) = 0.116667;
metric2(24) = 0.307515;
metric1(25) = 0.088889;
metric2(25) = 0.347530;
metric1(26) = 0.183333;
metric2(26) = 0.285128;
metric1(27) = 0.200000;
metric2(27) = 0.317014;
metric1(28) = 0.055556;
metric2(28) = 0.358336;
metric1(29) = 0.105556;
metric2(29) = 0.312837;
metric1(30) = 0.133333;
metric2(30) = 0.317490;
metric1(31) = 0.172222;
metric2(31) = 0.315409;
metric1(32) = 0.133333;
metric2(32) = 0.312034;
metric1(33) = 0.144444;
metric2(33) = 0.283779;
metric1(34) = 0.172222;
metric2(34) = 0.301085;
metric1(35) = 0.122222;
metric2(35) = 0.351674;
metric1(36) = 0.138889;
metric2(36) = 0.381891;
metric1(37) = 0.216667;
metric2(37) = 0.296340;
metric1(38) = 0.127778;
metric2(38) = 0.365542;
metric1(39) = 0.100000;
metric2(39) = 0.375086;
metric1(40) = 0.072222;
metric2(40) = 0.343694;
