% Private, Probabilistic, n = 30, theta = 5, specialization + Adaptation, delta = -0.5/+1.5
metric1(1) = 0.211111;
metric2(1) = 0.512942;
metric1(2) = 0.227778;
metric2(2) = 0.480795;
metric1(3) = 0.205556;
metric2(3) = 0.492829;
metric1(4) = 0.161111;
metric2(4) = 0.645406;
metric1(5) = 0.194444;
metric2(5) = 0.533622;
metric1(6) = 0.172222;
metric2(6) = 0.546815;
metric1(7) = 0.233333;
metric2(7) = 0.416188;
metric1(8) = 0.183333;
metric2(8) = 0.562624;
metric1(9) = 0.166667;
metric2(9) = 0.680442;
metric1(10) = 0.155556;
metric2(10) = 0.586178;
metric1(11) = 0.150000;
metric2(11) = 0.669286;
metric1(12) = 0.161111;
metric2(12) = 0.586389;
metric1(13) = 0.200000;
metric2(13) = 0.476241;
metric1(14) = 0.161111;
metric2(14) = 0.630806;
metric1(15) = 0.222222;
metric2(15) = 0.475667;
metric1(16) = 0.183333;
metric2(16) = 0.510037;
metric1(17) = 0.177778;
metric2(17) = 0.550505;
metric1(18) = 0.194444;
metric2(18) = 0.547227;
metric1(19) = 0.155556;
metric2(19) = 0.571523;
metric1(20) = 0.155556;
metric2(20) = 0.689510;
metric1(21) = 0.183333;
metric2(21) = 0.654989;
metric1(22) = 0.188889;
metric2(22) = 0.555141;
metric1(23) = 0.200000;
metric2(23) = 0.504715;
metric1(24) = 0.183333;
metric2(24) = 0.571634;
metric1(25) = 0.211111;
metric2(25) = 0.545560;
metric1(26) = 0.188889;
metric2(26) = 0.573994;
metric1(27) = 0.144444;
metric2(27) = 0.743030;
metric1(28) = 0.105556;
metric2(28) = 0.720999;
metric1(29) = 0.172222;
metric2(29) = 0.603758;
metric1(30) = 0.166667;
metric2(30) = 0.694480;
metric1(31) = 0.166667;
metric2(31) = 0.659992;
metric1(32) = 0.150000;
metric2(32) = 0.582899;
metric1(33) = 0.172222;
metric2(33) = 0.616646;
metric1(34) = 0.144444;
metric2(34) = 0.830322;
metric1(35) = 0.161111;
metric2(35) = 0.578331;
metric1(36) = 0.183333;
metric2(36) = 0.552799;
metric1(37) = 0.177778;
metric2(37) = 0.631040;
metric1(38) = 0.194444;
metric2(38) = 0.508680;
metric1(39) = 0.138889;
metric2(39) = 0.455055;
metric1(40) = 0.166667;
metric2(40) = 0.606211;
