% Private, Fixed, Probabilistic, theta = 5, n = 30
privFixed5_metric1(1) = 0.194444;
privFixed5_metric2(1) = 0.544450;
privFixed5_metric1(2) = 0.183333;
privFixed5_metric2(2) = 0.541242;
privFixed5_metric1(3) = 0.144444;
privFixed5_metric2(3) = 0.455251;
privFixed5_metric1(4) = 0.216667;
privFixed5_metric2(4) = 0.498526;
privFixed5_metric1(5) = 0.216667;
privFixed5_metric2(5) = 0.494156;
privFixed5_metric1(6) = 0.205556;
privFixed5_metric2(6) = 0.475770;
privFixed5_metric1(7) = 0.194444;
privFixed5_metric2(7) = 0.519906;
privFixed5_metric1(8) = 0.172222;
privFixed5_metric2(8) = 0.556768;
privFixed5_metric1(9) = 0.227778;
privFixed5_metric2(9) = 0.521089;
privFixed5_metric1(10) = 0.227778;
privFixed5_metric2(10) = 0.471936;
privFixed5_metric1(11) = 0.172222;
privFixed5_metric2(11) = 0.514791;
privFixed5_metric1(12) = 0.188889;
privFixed5_metric2(12) = 0.455780;
privFixed5_metric1(13) = 0.177778;
privFixed5_metric2(13) = 0.570226;
privFixed5_metric1(14) = 0.211111;
privFixed5_metric2(14) = 0.485000;
privFixed5_metric1(15) = 0.150000;
privFixed5_metric2(15) = 0.511903;
privFixed5_metric1(16) = 0.194444;
privFixed5_metric2(16) = 0.512770;
privFixed5_metric1(17) = 0.216667;
privFixed5_metric2(17) = 0.476674;
privFixed5_metric1(18) = 0.188889;
privFixed5_metric2(18) = 0.470962;
privFixed5_metric1(19) = 0.222222;
privFixed5_metric2(19) = 0.511396;
privFixed5_metric1(20) = 0.250000;
privFixed5_metric2(20) = 0.390483;
privFixed5_metric1(21) = 0.194444;
privFixed5_metric2(21) = 0.502160;
privFixed5_metric1(22) = 0.233333;
privFixed5_metric2(22) = 0.477322;
privFixed5_metric1(23) = 0.250000;
privFixed5_metric2(23) = 0.436428;
privFixed5_metric1(24) = 0.200000;
privFixed5_metric2(24) = 0.533085;
privFixed5_metric1(25) = 0.183333;
privFixed5_metric2(25) = 0.556405;
privFixed5_metric1(26) = 0.205556;
privFixed5_metric2(26) = 0.521102;
privFixed5_metric1(27) = 0.238889;
privFixed5_metric2(27) = 0.446241;
privFixed5_metric1(28) = 0.233333;
privFixed5_metric2(28) = 0.465570;
privFixed5_metric1(29) = 0.183333;
privFixed5_metric2(29) = 0.541783;
privFixed5_metric1(30) = 0.233333;
privFixed5_metric2(30) = 0.409547;
privFixed5_metric1(31) = 0.144444;
privFixed5_metric2(31) = 0.604621;
privFixed5_metric1(32) = 0.211111;
privFixed5_metric2(32) = 0.408280;
privFixed5_metric1(33) = 0.188889;
privFixed5_metric2(33) = 0.502244;
privFixed5_metric1(34) = 0.216667;
privFixed5_metric2(34) = 0.429847;
privFixed5_metric1(35) = 0.233333;
privFixed5_metric2(35) = 0.463677;
privFixed5_metric1(36) = 0.200000;
privFixed5_metric2(36) = 0.458330;
privFixed5_metric1(37) = 0.222222;
privFixed5_metric2(37) = 0.403202;
privFixed5_metric1(38) = 0.211111;
privFixed5_metric2(38) = 0.445461;
privFixed5_metric1(39) = 0.238889;
privFixed5_metric2(39) = 0.409554;
privFixed5_metric1(40) = 0.216667;
privFixed5_metric2(40) = 0.472908;
