% Private, Probabilistic(n=30), Adaptive thresholds (delta = 0.1) Initial threshold = 10
metric1(1) = 0.194444;
metric2(1) = 0.671593;
metric1(2) = 0.205556;
metric2(2) = 0.637565;
metric1(3) = 0.205556;
metric2(3) = 0.630310;
metric1(4) = 0.188889;
metric2(4) = 0.689263;
metric1(5) = 0.216667;
metric2(5) = 0.567263;
metric1(6) = 0.155556;
metric2(6) = 0.847984;
metric1(7) = 0.188889;
metric2(7) = 0.657182;
metric1(8) = 0.183333;
metric2(8) = 0.726578;
metric1(9) = 0.177778;
metric2(9) = 0.792648;
metric1(10) = 0.188889;
metric2(10) = 0.638533;
metric1(11) = 0.211111;
metric2(11) = 0.642514;
metric1(12) = 0.200000;
metric2(12) = 0.667605;
metric1(13) = 0.205556;
metric2(13) = 0.612027;
metric1(14) = 0.200000;
metric2(14) = 0.683683;
metric1(15) = 0.150000;
metric2(15) = 0.708918;
metric1(16) = 0.194444;
metric2(16) = 0.660280;
metric1(17) = 0.205556;
metric2(17) = 0.618170;
metric1(18) = 0.188889;
metric2(18) = 0.725335;
metric1(19) = 0.194444;
metric2(19) = 0.674453;
metric1(20) = 0.211111;
metric2(20) = 0.565989;
metric1(21) = 0.183333;
metric2(21) = 0.728352;
metric1(22) = 0.194444;
metric2(22) = 0.606059;
metric1(23) = 0.177778;
metric2(23) = 0.765331;
metric1(24) = 0.155556;
metric2(24) = 0.755358;
metric1(25) = 0.211111;
metric2(25) = 0.609429;
metric1(26) = 0.183333;
metric2(26) = 0.733232;
metric1(27) = 0.200000;
metric2(27) = 0.672980;
metric1(28) = 0.205556;
metric2(28) = 0.644581;
metric1(29) = 0.238889;
metric2(29) = 0.524051;
metric1(30) = 0.211111;
metric2(30) = 0.609059;
metric1(31) = 0.200000;
metric2(31) = 0.582882;
metric1(32) = 0.177778;
metric2(32) = 0.788663;
metric1(33) = 0.188889;
metric2(33) = 0.680369;
metric1(34) = 0.244444;
metric2(34) = 0.541789;
metric1(35) = 0.166667;
metric2(35) = 0.731568;
metric1(36) = 0.188889;
metric2(36) = 0.643208;
metric1(37) = 0.194444;
metric2(37) = 0.638453;
metric1(38) = 0.177778;
metric2(38) = 0.743741;
metric1(39) = 0.183333;
metric2(39) = 0.711105;
metric1(40) = 0.205556;
metric2(40) = 0.603009;
