% Private, Fixed, Deterministic, theta = 5, Colorblind
metric1(1) = 0.222222;
metric2(1) = 0.366716;
metric1(2) = 0.233333;
metric2(2) = 0.393980;
metric1(3) = 0.216667;
metric2(3) = 0.430083;
metric1(4) = 0.194444;
metric2(4) = 0.379980;
metric1(5) = 0.183333;
metric2(5) = 0.342809;
metric1(6) = 0.216667;
metric2(6) = 0.444149;
metric1(7) = 0.250000;
metric2(7) = 0.368166;
metric1(8) = 0.183333;
metric2(8) = 0.465984;
metric1(9) = 0.194444;
metric2(9) = 0.399042;
metric1(10) = 0.205556;
metric2(10) = 0.391769;
metric1(11) = 0.200000;
metric2(11) = 0.430770;
metric1(12) = 0.177778;
metric2(12) = 0.395864;
metric1(13) = 0.238889;
metric2(13) = 0.379301;
metric1(14) = 0.233333;
metric2(14) = 0.385290;
metric1(15) = 0.133333;
metric2(15) = 0.442347;
metric1(16) = 0.161111;
metric2(16) = 0.448268;
metric1(17) = 0.144444;
metric2(17) = 0.403995;
metric1(18) = 0.172222;
metric2(18) = 0.506820;
metric1(19) = 0.216667;
metric2(19) = 0.423583;
metric1(20) = 0.183333;
metric2(20) = 0.383524;
metric1(21) = 0.144444;
metric2(21) = 0.462448;
metric1(22) = 0.166667;
metric2(22) = 0.427303;
metric1(23) = 0.233333;
metric2(23) = 0.375985;
metric1(24) = 0.188889;
metric2(24) = 0.470373;
metric1(25) = 0.211111;
metric2(25) = 0.396224;
metric1(26) = 0.211111;
metric2(26) = 0.406497;
metric1(27) = 0.194444;
metric2(27) = 0.425450;
metric1(28) = 0.188889;
metric2(28) = 0.432211;
metric1(29) = 0.233333;
metric2(29) = 0.319205;
metric1(30) = 0.194444;
metric2(30) = 0.390361;
metric1(31) = 0.133333;
metric2(31) = 0.359119;
metric1(32) = 0.222222;
metric2(32) = 0.341247;
metric1(33) = 0.127778;
metric2(33) = 0.401076;
metric1(34) = 0.205556;
metric2(34) = 0.374158;
metric1(35) = 0.194444;
metric2(35) = 0.414076;
metric1(36) = 0.177778;
metric2(36) = 0.400409;
metric1(37) = 0.133333;
metric2(37) = 0.356650;
metric1(38) = 0.194444;
metric2(38) = 0.393438;
metric1(39) = 0.166667;
metric2(39) = 0.502996;
metric1(40) = 0.216667;
metric2(40) = 0.429460;
