% Private, Fixed, Deterministic, theta = 5, Colorblind
privFixed1_metric1(1) = 0.222222;
privFixed1_metric2(1) = 0.366716;
privFixed1_metric1(2) = 0.233333;
privFixed1_metric2(2) = 0.393980;
privFixed1_metric1(3) = 0.216667;
privFixed1_metric2(3) = 0.430083;
privFixed1_metric1(4) = 0.194444;
privFixed1_metric2(4) = 0.379980;
privFixed1_metric1(5) = 0.183333;
privFixed1_metric2(5) = 0.342809;
privFixed1_metric1(6) = 0.216667;
privFixed1_metric2(6) = 0.444149;
privFixed1_metric1(7) = 0.250000;
privFixed1_metric2(7) = 0.368166;
privFixed1_metric1(8) = 0.183333;
privFixed1_metric2(8) = 0.465984;
privFixed1_metric1(9) = 0.194444;
privFixed1_metric2(9) = 0.399042;
privFixed1_metric1(10) = 0.205556;
privFixed1_metric2(10) = 0.391769;
privFixed1_metric1(11) = 0.200000;
privFixed1_metric2(11) = 0.430770;
privFixed1_metric1(12) = 0.177778;
privFixed1_metric2(12) = 0.395864;
privFixed1_metric1(13) = 0.238889;
privFixed1_metric2(13) = 0.379301;
privFixed1_metric1(14) = 0.233333;
privFixed1_metric2(14) = 0.385290;
privFixed1_metric1(15) = 0.133333;
privFixed1_metric2(15) = 0.442347;
privFixed1_metric1(16) = 0.161111;
privFixed1_metric2(16) = 0.448268;
privFixed1_metric1(17) = 0.144444;
privFixed1_metric2(17) = 0.403995;
privFixed1_metric1(18) = 0.172222;
privFixed1_metric2(18) = 0.506820;
privFixed1_metric1(19) = 0.216667;
privFixed1_metric2(19) = 0.423583;
privFixed1_metric1(20) = 0.183333;
privFixed1_metric2(20) = 0.383524;
privFixed1_metric1(21) = 0.144444;
privFixed1_metric2(21) = 0.462448;
privFixed1_metric1(22) = 0.166667;
privFixed1_metric2(22) = 0.427303;
privFixed1_metric1(23) = 0.233333;
privFixed1_metric2(23) = 0.375985;
privFixed1_metric1(24) = 0.188889;
privFixed1_metric2(24) = 0.470373;
privFixed1_metric1(25) = 0.211111;
privFixed1_metric2(25) = 0.396224;
privFixed1_metric1(26) = 0.211111;
privFixed1_metric2(26) = 0.406497;
privFixed1_metric1(27) = 0.194444;
privFixed1_metric2(27) = 0.425450;
privFixed1_metric1(28) = 0.188889;
privFixed1_metric2(28) = 0.432211;
privFixed1_metric1(29) = 0.233333;
privFixed1_metric2(29) = 0.319205;
privFixed1_metric1(30) = 0.194444;
privFixed1_metric2(30) = 0.390361;
privFixed1_metric1(31) = 0.133333;
privFixed1_metric2(31) = 0.359119;
privFixed1_metric1(32) = 0.222222;
privFixed1_metric2(32) = 0.341247;
privFixed1_metric1(33) = 0.127778;
privFixed1_metric2(33) = 0.401076;
privFixed1_metric1(34) = 0.205556;
privFixed1_metric2(34) = 0.374158;
privFixed1_metric1(35) = 0.194444;
privFixed1_metric2(35) = 0.414076;
privFixed1_metric1(36) = 0.177778;
privFixed1_metric2(36) = 0.400409;
privFixed1_metric1(37) = 0.133333;
privFixed1_metric2(37) = 0.356650;
privFixed1_metric1(38) = 0.194444;
privFixed1_metric2(38) = 0.393438;
privFixed1_metric1(39) = 0.166667;
privFixed1_metric2(39) = 0.502996;
privFixed1_metric1(40) = 0.216667;
privFixed1_metric2(40) = 0.429460;
