% Private, Probabilistic(n=30), Adaptive thresholds (delta = 0.1) initial threshold = 5
metric1(1) = 0.211111;
metric2(1) = 0.589201;
metric1(2) = 0.216667;
metric2(2) = 0.595617;
metric1(3) = 0.211111;
metric2(3) = 0.606473;
metric1(4) = 0.188889;
metric2(4) = 0.745412;
metric1(5) = 0.205556;
metric2(5) = 0.602855;
metric1(6) = 0.216667;
metric2(6) = 0.587979;
metric1(7) = 0.177778;
metric2(7) = 0.723283;
metric1(8) = 0.205556;
metric2(8) = 0.637274;
metric1(9) = 0.211111;
metric2(9) = 0.584901;
metric1(10) = 0.177778;
metric2(10) = 0.748387;
metric1(11) = 0.216667;
metric2(11) = 0.607037;
metric1(12) = 0.172222;
metric2(12) = 0.490776;
metric1(13) = 0.194444;
metric2(13) = 0.641620;
metric1(14) = 0.188889;
metric2(14) = 0.650352;
metric1(15) = 0.194444;
metric2(15) = 0.668397;
metric1(16) = 0.211111;
metric2(16) = 0.604576;
metric1(17) = 0.177778;
metric2(17) = 0.695279;
metric1(18) = 0.183333;
metric2(18) = 0.696407;
metric1(19) = 0.188889;
metric2(19) = 0.713256;
metric1(20) = 0.188889;
metric2(20) = 0.709146;
metric1(21) = 0.183333;
metric2(21) = 0.726739;
metric1(22) = 0.194444;
metric2(22) = 0.690803;
metric1(23) = 0.111111;
metric2(23) = 0.720321;
metric1(24) = 0.155556;
metric2(24) = 0.815007;
metric1(25) = 0.183333;
metric2(25) = 0.672947;
metric1(26) = 0.194444;
metric2(26) = 0.648975;
metric1(27) = 0.200000;
metric2(27) = 0.599643;
metric1(28) = 0.166667;
metric2(28) = 0.798866;
metric1(29) = 0.222222;
metric2(29) = 0.575730;
metric1(30) = 0.155556;
metric2(30) = 0.829128;
metric1(31) = 0.205556;
metric2(31) = 0.625208;
metric1(32) = 0.177778;
metric2(32) = 0.722215;
metric1(33) = 0.211111;
metric2(33) = 0.635221;
metric1(34) = 0.183333;
metric2(34) = 0.741746;
metric1(35) = 0.183333;
metric2(35) = 0.679127;
metric1(36) = 0.222222;
metric2(36) = 0.566578;
metric1(37) = 0.200000;
metric2(37) = 0.616146;
metric1(38) = 0.200000;
metric2(38) = 0.597024;
metric1(39) = 0.188889;
metric2(39) = 0.676914;
metric1(40) = 0.205556;
metric2(40) = 0.617165;
