% Private, Probabilistic, n=30, theta = 5, colorblind, delta = 0.01 
metric1(1) = 0.188889;
metric2(1) = 0.537113;
metric1(2) = 0.227778;
metric2(2) = 0.398001;
metric1(3) = 0.216667;
metric2(3) = 0.463423;
metric1(4) = 0.205556;
metric2(4) = 0.438967;
metric1(5) = 0.200000;
metric2(5) = 0.461921;
metric1(6) = 0.216667;
metric2(6) = 0.436086;
metric1(7) = 0.205556;
metric2(7) = 0.485672;
metric1(8) = 0.211111;
metric2(8) = 0.463141;
metric1(9) = 0.200000;
metric2(9) = 0.463283;
metric1(10) = 0.200000;
metric2(10) = 0.523621;
metric1(11) = 0.166667;
metric2(11) = 0.540334;
metric1(12) = 0.194444;
metric2(12) = 0.539399;
metric1(13) = 0.161111;
metric2(13) = 0.638670;
metric1(14) = 0.194444;
metric2(14) = 0.517019;
metric1(15) = 0.200000;
metric2(15) = 0.497331;
metric1(16) = 0.227778;
metric2(16) = 0.409648;
metric1(17) = 0.211111;
metric2(17) = 0.456913;
metric1(18) = 0.155556;
metric2(18) = 0.642028;
metric1(19) = 0.211111;
metric2(19) = 0.432581;
metric1(20) = 0.194444;
metric2(20) = 0.476329;
metric1(21) = 0.216667;
metric2(21) = 0.452246;
metric1(22) = 0.200000;
metric2(22) = 0.446108;
metric1(23) = 0.211111;
metric2(23) = 0.440488;
metric1(24) = 0.205556;
metric2(24) = 0.494114;
metric1(25) = 0.194444;
metric2(25) = 0.530144;
metric1(26) = 0.172222;
metric2(26) = 0.590681;
metric1(27) = 0.172222;
metric2(27) = 0.562972;
metric1(28) = 0.205556;
metric2(28) = 0.510383;
metric1(29) = 0.188889;
metric2(29) = 0.485738;
metric1(30) = 0.188889;
metric2(30) = 0.527424;
metric1(31) = 0.188889;
metric2(31) = 0.562088;
metric1(32) = 0.194444;
metric2(32) = 0.478284;
metric1(33) = 0.222222;
metric2(33) = 0.395738;
metric1(34) = 0.200000;
metric2(34) = 0.452254;
metric1(35) = 0.194444;
metric2(35) = 0.527204;
metric1(36) = 0.216667;
metric2(36) = 0.445729;
metric1(37) = 0.161111;
metric2(37) = 0.563805;
metric1(38) = 0.216667;
metric2(38) = 0.495790;
metric1(39) = 0.194444;
metric2(39) = 0.441691;
metric1(40) = 0.233333;
metric2(40) = 0.401294;
