% Private, Fixed, Probabilistic, theta = 8, n = 10
privFixed4_metric1(1) = 0.200000;
privFixed4_metric2(1) = 0.419936;
privFixed4_metric1(2) = 0.238889;
privFixed4_metric2(2) = 0.357688;
privFixed4_metric1(3) = 0.155556;
privFixed4_metric2(3) = 0.389805;
privFixed4_metric1(4) = 0.194444;
privFixed4_metric2(4) = 0.374448;
privFixed4_metric1(5) = 0.216667;
privFixed4_metric2(5) = 0.374412;
privFixed4_metric1(6) = 0.188889;
privFixed4_metric2(6) = 0.377727;
privFixed4_metric1(7) = 0.177778;
privFixed4_metric2(7) = 0.401847;
privFixed4_metric1(8) = 0.133333;
privFixed4_metric2(8) = 0.347482;
privFixed4_metric1(9) = 0.188889;
privFixed4_metric2(9) = 0.434406;
privFixed4_metric1(10) = 0.188889;
privFixed4_metric2(10) = 0.371033;
privFixed4_metric1(11) = 0.227778;
privFixed4_metric2(11) = 0.341270;
privFixed4_metric1(12) = 0.161111;
privFixed4_metric2(12) = 0.433428;
privFixed4_metric1(13) = 0.194444;
privFixed4_metric2(13) = 0.376993;
privFixed4_metric1(14) = 0.188889;
privFixed4_metric2(14) = 0.375732;
privFixed4_metric1(15) = 0.205556;
privFixed4_metric2(15) = 0.386049;
privFixed4_metric1(16) = 0.200000;
privFixed4_metric2(16) = 0.399828;
privFixed4_metric1(17) = 0.144444;
privFixed4_metric2(17) = 0.386573;
privFixed4_metric1(18) = 0.188889;
privFixed4_metric2(18) = 0.384964;
privFixed4_metric1(19) = 0.166667;
privFixed4_metric2(19) = 0.476364;
privFixed4_metric1(20) = 0.244444;
privFixed4_metric2(20) = 0.359309;
privFixed4_metric1(21) = 0.211111;
privFixed4_metric2(21) = 0.382950;
privFixed4_metric1(22) = 0.172222;
privFixed4_metric2(22) = 0.409574;
privFixed4_metric1(23) = 0.194444;
privFixed4_metric2(23) = 0.417825;
privFixed4_metric1(24) = 0.216667;
privFixed4_metric2(24) = 0.348992;
privFixed4_metric1(25) = 0.194444;
privFixed4_metric2(25) = 0.388634;
privFixed4_metric1(26) = 0.177778;
privFixed4_metric2(26) = 0.437221;
privFixed4_metric1(27) = 0.161111;
privFixed4_metric2(27) = 0.390150;
privFixed4_metric1(28) = 0.127778;
privFixed4_metric2(28) = 0.443089;
privFixed4_metric1(29) = 0.216667;
privFixed4_metric2(29) = 0.360053;
privFixed4_metric1(30) = 0.188889;
privFixed4_metric2(30) = 0.493547;
privFixed4_metric1(31) = 0.194444;
privFixed4_metric2(31) = 0.423246;
privFixed4_metric1(32) = 0.166667;
privFixed4_metric2(32) = 0.404419;
privFixed4_metric1(33) = 0.116667;
privFixed4_metric2(33) = 0.459444;
privFixed4_metric1(34) = 0.205556;
privFixed4_metric2(34) = 0.345979;
privFixed4_metric1(35) = 0.211111;
privFixed4_metric2(35) = 0.362288;
privFixed4_metric1(36) = 0.166667;
privFixed4_metric2(36) = 0.398297;
privFixed4_metric1(37) = 0.161111;
privFixed4_metric2(37) = 0.439071;
privFixed4_metric1(38) = 0.161111;
privFixed4_metric2(38) = 0.428633;
privFixed4_metric1(39) = 0.194444;
privFixed4_metric2(39) = 0.382557;
privFixed4_metric1(40) = 0.183333;
privFixed4_metric2(40) = 0.425755;
