% Private, Fixed, Probabilistic, theta = 5, n = 10
privFixed3_metric1(1) = 0.222222;
privFixed3_metric2(1) = 0.424773;
privFixed3_metric1(2) = 0.200000;
privFixed3_metric2(2) = 0.396313;
privFixed3_metric1(3) = 0.166667;
privFixed3_metric2(3) = 0.441426;
privFixed3_metric1(4) = 0.138889;
privFixed3_metric2(4) = 0.471365;
privFixed3_metric1(5) = 0.194444;
privFixed3_metric2(5) = 0.495753;
privFixed3_metric1(6) = 0.227778;
privFixed3_metric2(6) = 0.411581;
privFixed3_metric1(7) = 0.172222;
privFixed3_metric2(7) = 0.456407;
privFixed3_metric1(8) = 0.194444;
privFixed3_metric2(8) = 0.396933;
privFixed3_metric1(9) = 0.222222;
privFixed3_metric2(9) = 0.399189;
privFixed3_metric1(10) = 0.194444;
privFixed3_metric2(10) = 0.431625;
privFixed3_metric1(11) = 0.233333;
privFixed3_metric2(11) = 0.365323;
privFixed3_metric1(12) = 0.200000;
privFixed3_metric2(12) = 0.413341;
privFixed3_metric1(13) = 0.061111;
privFixed3_metric2(13) = 0.530309;
privFixed3_metric1(14) = 0.188889;
privFixed3_metric2(14) = 0.414028;
privFixed3_metric1(15) = 0.100000;
privFixed3_metric2(15) = 0.421442;
privFixed3_metric1(16) = 0.194444;
privFixed3_metric2(16) = 0.360044;
privFixed3_metric1(17) = 0.194444;
privFixed3_metric2(17) = 0.405842;
privFixed3_metric1(18) = 0.200000;
privFixed3_metric2(18) = 0.436683;
privFixed3_metric1(19) = 0.172222;
privFixed3_metric2(19) = 0.449391;
privFixed3_metric1(20) = 0.211111;
privFixed3_metric2(20) = 0.409011;
privFixed3_metric1(21) = 0.194444;
privFixed3_metric2(21) = 0.344293;
privFixed3_metric1(22) = 0.211111;
privFixed3_metric2(22) = 0.400412;
privFixed3_metric1(23) = 0.161111;
privFixed3_metric2(23) = 0.544878;
privFixed3_metric1(24) = 0.083333;
privFixed3_metric2(24) = 0.631414;
privFixed3_metric1(25) = 0.177778;
privFixed3_metric2(25) = 0.475149;
privFixed3_metric1(26) = 0.161111;
privFixed3_metric2(26) = 0.379377;
privFixed3_metric1(27) = 0.222222;
privFixed3_metric2(27) = 0.439518;
privFixed3_metric1(28) = 0.150000;
privFixed3_metric2(28) = 0.403742;
privFixed3_metric1(29) = 0.205556;
privFixed3_metric2(29) = 0.391839;
privFixed3_metric1(30) = 0.155556;
privFixed3_metric2(30) = 0.555244;
privFixed3_metric1(31) = 0.194444;
privFixed3_metric2(31) = 0.430216;
privFixed3_metric1(32) = 0.222222;
privFixed3_metric2(32) = 0.368798;
privFixed3_metric1(33) = 0.200000;
privFixed3_metric2(33) = 0.472189;
privFixed3_metric1(34) = 0.227778;
privFixed3_metric2(34) = 0.403688;
privFixed3_metric1(35) = 0.161111;
privFixed3_metric2(35) = 0.431886;
privFixed3_metric1(36) = 0.227778;
privFixed3_metric2(36) = 0.385983;
privFixed3_metric1(37) = 0.244444;
privFixed3_metric2(37) = 0.392522;
privFixed3_metric1(38) = 0.183333;
privFixed3_metric2(38) = 0.432792;
privFixed3_metric1(39) = 0.222222;
privFixed3_metric2(39) = 0.430641;
privFixed3_metric1(40) = 0.188889;
privFixed3_metric2(40) = 0.446079;
