% Private, Fixed, Probabilistic, theta = 8, n = 10
metric1(1) = 0.200000;
metric2(1) = 0.419936;
metric1(2) = 0.238889;
metric2(2) = 0.357688;
metric1(3) = 0.155556;
metric2(3) = 0.389805;
metric1(4) = 0.194444;
metric2(4) = 0.374448;
metric1(5) = 0.216667;
metric2(5) = 0.374412;
metric1(6) = 0.188889;
metric2(6) = 0.377727;
metric1(7) = 0.177778;
metric2(7) = 0.401847;
metric1(8) = 0.133333;
metric2(8) = 0.347482;
metric1(9) = 0.188889;
metric2(9) = 0.434406;
metric1(10) = 0.188889;
metric2(10) = 0.371033;
metric1(11) = 0.227778;
metric2(11) = 0.341270;
metric1(12) = 0.161111;
metric2(12) = 0.433428;
metric1(13) = 0.194444;
metric2(13) = 0.376993;
metric1(14) = 0.188889;
metric2(14) = 0.375732;
metric1(15) = 0.205556;
metric2(15) = 0.386049;
metric1(16) = 0.200000;
metric2(16) = 0.399828;
metric1(17) = 0.144444;
metric2(17) = 0.386573;
metric1(18) = 0.188889;
metric2(18) = 0.384964;
metric1(19) = 0.166667;
metric2(19) = 0.476364;
metric1(20) = 0.244444;
metric2(20) = 0.359309;
metric1(21) = 0.211111;
metric2(21) = 0.382950;
metric1(22) = 0.172222;
metric2(22) = 0.409574;
metric1(23) = 0.194444;
metric2(23) = 0.417825;
metric1(24) = 0.216667;
metric2(24) = 0.348992;
metric1(25) = 0.194444;
metric2(25) = 0.388634;
metric1(26) = 0.177778;
metric2(26) = 0.437221;
metric1(27) = 0.161111;
metric2(27) = 0.390150;
metric1(28) = 0.127778;
metric2(28) = 0.443089;
metric1(29) = 0.216667;
metric2(29) = 0.360053;
metric1(30) = 0.188889;
metric2(30) = 0.493547;
metric1(31) = 0.194444;
metric2(31) = 0.423246;
metric1(32) = 0.166667;
metric2(32) = 0.404419;
metric1(33) = 0.116667;
metric2(33) = 0.459444;
metric1(34) = 0.205556;
metric2(34) = 0.345979;
metric1(35) = 0.211111;
metric2(35) = 0.362288;
metric1(36) = 0.166667;
metric2(36) = 0.398297;
metric1(37) = 0.161111;
metric2(37) = 0.439071;
metric1(38) = 0.161111;
metric2(38) = 0.428633;
metric1(39) = 0.194444;
metric2(39) = 0.382557;
metric1(40) = 0.183333;
metric2(40) = 0.425755;
