% Private, Fixed, Probabilistic, theta = 8, n = 30
privFixed6_metric1(1) = 0.133333;
privFixed6_metric2(1) = 0.330384;
privFixed6_metric1(2) = 0.133333;
privFixed6_metric2(2) = 0.404425;
privFixed6_metric1(3) = 0.177778;
privFixed6_metric2(3) = 0.328661;
privFixed6_metric1(4) = 0.116667;
privFixed6_metric2(4) = 0.331093;
privFixed6_metric1(5) = 0.088889;
privFixed6_metric2(5) = 0.314941;
privFixed6_metric1(6) = 0.094444;
privFixed6_metric2(6) = 0.273474;
privFixed6_metric1(7) = 0.061111;
privFixed6_metric2(7) = 0.354028;
privFixed6_metric1(8) = 0.116667;
privFixed6_metric2(8) = 0.400011;
privFixed6_metric1(9) = 0.138889;
privFixed6_metric2(9) = 0.348957;
privFixed6_metric1(10) = 0.188889;
privFixed6_metric2(10) = 0.326238;
privFixed6_metric1(11) = 0.177778;
privFixed6_metric2(11) = 0.324827;
privFixed6_metric1(12) = 0.161111;
privFixed6_metric2(12) = 0.299942;
privFixed6_metric1(13) = 0.111111;
privFixed6_metric2(13) = 0.307262;
privFixed6_metric1(14) = 0.122222;
privFixed6_metric2(14) = 0.343059;
privFixed6_metric1(15) = 0.177778;
privFixed6_metric2(15) = 0.319519;
privFixed6_metric1(16) = 0.155556;
privFixed6_metric2(16) = 0.361206;
privFixed6_metric1(17) = 0.188889;
privFixed6_metric2(17) = 0.341656;
privFixed6_metric1(18) = 0.088889;
privFixed6_metric2(18) = 0.409995;
privFixed6_metric1(19) = 0.166667;
privFixed6_metric2(19) = 0.287011;
privFixed6_metric1(20) = 0.127778;
privFixed6_metric2(20) = 0.310453;
privFixed6_metric1(21) = 0.172222;
privFixed6_metric2(21) = 0.361011;
privFixed6_metric1(22) = 0.116667;
privFixed6_metric2(22) = 0.303252;
privFixed6_metric1(23) = 0.216667;
privFixed6_metric2(23) = 0.306083;
privFixed6_metric1(24) = 0.116667;
privFixed6_metric2(24) = 0.307515;
privFixed6_metric1(25) = 0.088889;
privFixed6_metric2(25) = 0.347530;
privFixed6_metric1(26) = 0.183333;
privFixed6_metric2(26) = 0.285128;
privFixed6_metric1(27) = 0.200000;
privFixed6_metric2(27) = 0.317014;
privFixed6_metric1(28) = 0.055556;
privFixed6_metric2(28) = 0.358336;
privFixed6_metric1(29) = 0.105556;
privFixed6_metric2(29) = 0.312837;
privFixed6_metric1(30) = 0.133333;
privFixed6_metric2(30) = 0.317490;
privFixed6_metric1(31) = 0.172222;
privFixed6_metric2(31) = 0.315409;
privFixed6_metric1(32) = 0.133333;
privFixed6_metric2(32) = 0.312034;
privFixed6_metric1(33) = 0.144444;
privFixed6_metric2(33) = 0.283779;
privFixed6_metric1(34) = 0.172222;
privFixed6_metric2(34) = 0.301085;
privFixed6_metric1(35) = 0.122222;
privFixed6_metric2(35) = 0.351674;
privFixed6_metric1(36) = 0.138889;
privFixed6_metric2(36) = 0.381891;
privFixed6_metric1(37) = 0.216667;
privFixed6_metric2(37) = 0.296340;
privFixed6_metric1(38) = 0.127778;
privFixed6_metric2(38) = 0.365542;
privFixed6_metric1(39) = 0.100000;
privFixed6_metric2(39) = 0.375086;
privFixed6_metric1(40) = 0.072222;
privFixed6_metric2(40) = 0.343694;
