% Private, Probabilistic(n=30), Adaptive thresholds (delta = 0.1) initial threshold = 5
privVar1_metric1(1) = 0.211111;
privVar1_metric2(1) = 0.589201;
privVar1_metric1(2) = 0.216667;
privVar1_metric2(2) = 0.595617;
privVar1_metric1(3) = 0.211111;
privVar1_metric2(3) = 0.606473;
privVar1_metric1(4) = 0.188889;
privVar1_metric2(4) = 0.745412;
privVar1_metric1(5) = 0.205556;
privVar1_metric2(5) = 0.602855;
privVar1_metric1(6) = 0.216667;
privVar1_metric2(6) = 0.587979;
privVar1_metric1(7) = 0.177778;
privVar1_metric2(7) = 0.723283;
privVar1_metric1(8) = 0.205556;
privVar1_metric2(8) = 0.637274;
privVar1_metric1(9) = 0.211111;
privVar1_metric2(9) = 0.584901;
privVar1_metric1(10) = 0.177778;
privVar1_metric2(10) = 0.748387;
privVar1_metric1(11) = 0.216667;
privVar1_metric2(11) = 0.607037;
privVar1_metric1(12) = 0.172222;
privVar1_metric2(12) = 0.490776;
privVar1_metric1(13) = 0.194444;
privVar1_metric2(13) = 0.641620;
privVar1_metric1(14) = 0.188889;
privVar1_metric2(14) = 0.650352;
privVar1_metric1(15) = 0.194444;
privVar1_metric2(15) = 0.668397;
privVar1_metric1(16) = 0.211111;
privVar1_metric2(16) = 0.604576;
privVar1_metric1(17) = 0.177778;
privVar1_metric2(17) = 0.695279;
privVar1_metric1(18) = 0.183333;
privVar1_metric2(18) = 0.696407;
privVar1_metric1(19) = 0.188889;
privVar1_metric2(19) = 0.713256;
privVar1_metric1(20) = 0.188889;
privVar1_metric2(20) = 0.709146;
privVar1_metric1(21) = 0.183333;
privVar1_metric2(21) = 0.726739;
privVar1_metric1(22) = 0.194444;
privVar1_metric2(22) = 0.690803;
privVar1_metric1(23) = 0.111111;
privVar1_metric2(23) = 0.720321;
privVar1_metric1(24) = 0.155556;
privVar1_metric2(24) = 0.815007;
privVar1_metric1(25) = 0.183333;
privVar1_metric2(25) = 0.672947;
privVar1_metric1(26) = 0.194444;
privVar1_metric2(26) = 0.648975;
privVar1_metric1(27) = 0.200000;
privVar1_metric2(27) = 0.599643;
privVar1_metric1(28) = 0.166667;
privVar1_metric2(28) = 0.798866;
privVar1_metric1(29) = 0.222222;
privVar1_metric2(29) = 0.575730;
privVar1_metric1(30) = 0.155556;
privVar1_metric2(30) = 0.829128;
privVar1_metric1(31) = 0.205556;
privVar1_metric2(31) = 0.625208;
privVar1_metric1(32) = 0.177778;
privVar1_metric2(32) = 0.722215;
privVar1_metric1(33) = 0.211111;
privVar1_metric2(33) = 0.635221;
privVar1_metric1(34) = 0.183333;
privVar1_metric2(34) = 0.741746;
privVar1_metric1(35) = 0.183333;
privVar1_metric2(35) = 0.679127;
privVar1_metric1(36) = 0.222222;
privVar1_metric2(36) = 0.566578;
privVar1_metric1(37) = 0.200000;
privVar1_metric2(37) = 0.616146;
privVar1_metric1(38) = 0.200000;
privVar1_metric2(38) = 0.597024;
privVar1_metric1(39) = 0.188889;
privVar1_metric2(39) = 0.676914;
privVar1_metric1(40) = 0.205556;
privVar1_metric2(40) = 0.617165;
