% Private, Probabilistic, n = 30, theta = 10, specialization + Adaptation, delta = -1/+1
metric1(1) = 0.227778;
metric2(1) = 0.382295;
metric1(2) = 0.216667;
metric2(2) = 0.533810;
metric1(3) = 0.205556;
metric2(3) = 0.575764;
metric1(4) = 0.216667;
metric2(4) = 0.570231;
metric1(5) = 0.222222;
metric2(5) = 0.530530;
metric1(6) = 0.205556;
metric2(6) = 0.574454;
metric1(7) = 0.194444;
metric2(7) = 0.563589;
metric1(8) = 0.188889;
metric2(8) = 0.590152;
metric1(9) = 0.172222;
metric2(9) = 0.678398;
metric1(10) = 0.194444;
metric2(10) = 0.608899;
metric1(11) = 0.166667;
metric2(11) = 0.638790;
metric1(12) = 0.183333;
metric2(12) = 0.601290;
metric1(13) = 0.222222;
metric2(13) = 0.535373;
metric1(14) = 0.200000;
metric2(14) = 0.588416;
metric1(15) = 0.211111;
metric2(15) = 0.523140;
metric1(16) = 0.188889;
metric2(16) = 0.590727;
metric1(17) = 0.183333;
metric2(17) = 0.599444;
metric1(18) = 0.200000;
metric2(18) = 0.641758;
metric1(19) = 0.161111;
metric2(19) = 0.684306;
metric1(20) = 0.188889;
metric2(20) = 0.634157;
metric1(21) = 0.150000;
metric2(21) = 0.656362;
metric1(22) = 0.155556;
metric2(22) = 0.728651;
metric1(23) = 0.172222;
metric2(23) = 0.683418;
metric1(24) = 0.183333;
metric2(24) = 0.615112;
metric1(25) = 0.194444;
metric2(25) = 0.567755;
metric1(26) = 0.200000;
metric2(26) = 0.609758;
metric1(27) = 0.172222;
metric2(27) = 0.643233;
metric1(28) = 0.200000;
metric2(28) = 0.585949;
metric1(29) = 0.205556;
metric2(29) = 0.570424;
metric1(30) = 0.161111;
metric2(30) = 0.687650;
metric1(31) = 0.161111;
metric2(31) = 0.698069;
metric1(32) = 0.205556;
metric2(32) = 0.598822;
metric1(33) = 0.166667;
metric2(33) = 0.662531;
metric1(34) = 0.205556;
metric2(34) = 0.566855;
metric1(35) = 0.183333;
metric2(35) = 0.682560;
metric1(36) = 0.188889;
metric2(36) = 0.504223;
metric1(37) = 0.194444;
metric2(37) = 0.642327;
metric1(38) = 0.172222;
metric2(38) = 0.690921;
metric1(39) = 0.161111;
metric2(39) = 0.724557;
metric1(40) = 0.172222;
metric2(40) = 0.668290;
