% Public, Det, theta = 5, n =inf, ALPHA = 1, BETA = 0.1, MAX_RANGE = 0.4, MIN_RANGE = 0.2, Non-Adaptive 
pubVar5_metric1(1) = 0.233333;
pubVar5_metric2(1) = 0.356581;
pubVar5_metric1(2) = 0.200000;
pubVar5_metric2(2) = 0.314055;
pubVar5_metric1(3) = 0.127778;
pubVar5_metric2(3) = 0.464678;
pubVar5_metric1(4) = 0.227778;
pubVar5_metric2(4) = 0.290146;
pubVar5_metric1(5) = 0.216667;
pubVar5_metric2(5) = 0.360062;
pubVar5_metric1(6) = 0.161111;
pubVar5_metric2(6) = 0.367397;
pubVar5_metric1(7) = 0.222222;
pubVar5_metric2(7) = 0.335292;
pubVar5_metric1(8) = 0.200000;
pubVar5_metric2(8) = 0.373697;
pubVar5_metric1(9) = 0.127778;
pubVar5_metric2(9) = 0.396054;
pubVar5_metric1(10) = 0.144444;
pubVar5_metric2(10) = 0.385359;
pubVar5_metric1(11) = 0.161111;
pubVar5_metric2(11) = 0.344953;
pubVar5_metric1(12) = 0.200000;
pubVar5_metric2(12) = 0.390333;
pubVar5_metric1(13) = 0.222222;
pubVar5_metric2(13) = 0.321438;
pubVar5_metric1(14) = 0.177778;
pubVar5_metric2(14) = 0.363312;
pubVar5_metric1(15) = 0.155556;
pubVar5_metric2(15) = 0.398241;
pubVar5_metric1(16) = 0.200000;
pubVar5_metric2(16) = 0.359553;
pubVar5_metric1(17) = 0.172222;
pubVar5_metric2(17) = 0.402782;
pubVar5_metric1(18) = 0.177778;
pubVar5_metric2(18) = 0.324457;
pubVar5_metric1(19) = 0.205556;
pubVar5_metric2(19) = 0.367409;
pubVar5_metric1(20) = 0.200000;
pubVar5_metric2(20) = 0.355237;
pubVar5_metric1(21) = 0.172222;
pubVar5_metric2(21) = 0.410790;
pubVar5_metric1(22) = 0.133333;
pubVar5_metric2(22) = 0.431355;
pubVar5_metric1(23) = 0.233333;
pubVar5_metric2(23) = 0.352736;
pubVar5_metric1(24) = 0.238889;
pubVar5_metric2(24) = 0.389525;
pubVar5_metric1(25) = 0.177778;
pubVar5_metric2(25) = 0.422812;
pubVar5_metric1(26) = 0.183333;
pubVar5_metric2(26) = 0.384423;
pubVar5_metric1(27) = 0.200000;
pubVar5_metric2(27) = 0.394761;
pubVar5_metric1(28) = 0.133333;
pubVar5_metric2(28) = 0.445762;
pubVar5_metric1(29) = 0.227778;
pubVar5_metric2(29) = 0.375736;
pubVar5_metric1(30) = 0.172222;
pubVar5_metric2(30) = 0.434570;
pubVar5_metric1(31) = 0.205556;
pubVar5_metric2(31) = 0.333163;
pubVar5_metric1(32) = 0.133333;
pubVar5_metric2(32) = 0.426550;
pubVar5_metric1(33) = 0.116667;
pubVar5_metric2(33) = 0.462860;
pubVar5_metric1(34) = 0.188889;
pubVar5_metric2(34) = 0.432207;
pubVar5_metric1(35) = 0.100000;
pubVar5_metric2(35) = 0.411157;
pubVar5_metric1(36) = 0.227778;
pubVar5_metric2(36) = 0.380233;
pubVar5_metric1(37) = 0.122222;
pubVar5_metric2(37) = 0.396287;
pubVar5_metric1(38) = 0.188889;
pubVar5_metric2(38) = 0.411667;
pubVar5_metric1(39) = 0.222222;
pubVar5_metric2(39) = 0.318619;
pubVar5_metric1(40) = 0.188889;
pubVar5_metric2(40) = 0.370565;
