% Public, Det, theta = 5, n =inf, ALPHA = 1, BETA = 0.2, MAX_RANGE = 0.4, MIN_RANGE = 0.2, Adaptive 
metric1(1) = 0.222222;
metric2(1) = 0.444089;
metric1(2) = 0.222222;
metric2(2) = 0.446282;
metric1(3) = 0.250000;
metric2(3) = 0.393470;
metric1(4) = 0.205556;
metric2(4) = 0.414519;
metric1(5) = 0.183333;
metric2(5) = 0.557962;
metric1(6) = 0.227778;
metric2(6) = 0.461403;
metric1(7) = 0.222222;
metric2(7) = 0.396317;
metric1(8) = 0.244444;
metric2(8) = 0.390809;
metric1(9) = 0.188889;
metric2(9) = 0.449793;
metric1(10) = 0.211111;
metric2(10) = 0.438693;
metric1(11) = 0.200000;
metric2(11) = 0.469942;
metric1(12) = 0.188889;
metric2(12) = 0.552603;
metric1(13) = 0.211111;
metric2(13) = 0.488039;
metric1(14) = 0.227778;
metric2(14) = 0.417916;
metric1(15) = 0.227778;
metric2(15) = 0.394564;
metric1(16) = 0.222222;
metric2(16) = 0.426906;
metric1(17) = 0.216667;
metric2(17) = 0.445063;
metric1(18) = 0.194444;
metric2(18) = 0.522883;
metric1(19) = 0.161111;
metric2(19) = 0.469364;
metric1(20) = 0.188889;
metric2(20) = 0.537918;
metric1(21) = 0.216667;
metric2(21) = 0.487005;
metric1(22) = 0.205556;
metric2(22) = 0.481378;
metric1(23) = 0.166667;
metric2(23) = 0.510175;
metric1(24) = 0.233333;
metric2(24) = 0.420880;
metric1(25) = 0.216667;
metric2(25) = 0.420751;
metric1(26) = 0.216667;
metric2(26) = 0.433411;
metric1(27) = 0.194444;
metric2(27) = 0.406849;
metric1(28) = 0.205556;
metric2(28) = 0.464115;
metric1(29) = 0.216667;
metric2(29) = 0.398217;
metric1(30) = 0.244444;
metric2(30) = 0.389662;
metric1(31) = 0.233333;
metric2(31) = 0.398774;
metric1(32) = 0.172222;
metric2(32) = 0.543776;
metric1(33) = 0.205556;
metric2(33) = 0.486513;
metric1(34) = 0.222222;
metric2(34) = 0.423954;
metric1(35) = 0.244444;
metric2(35) = 0.392918;
metric1(36) = 0.205556;
metric2(36) = 0.483900;
metric1(37) = 0.227778;
metric2(37) = 0.414537;
metric1(38) = 0.222222;
metric2(38) = 0.444786;
metric1(39) = 0.238889;
metric2(39) = 0.416136;
metric1(40) = 0.200000;
metric2(40) = 0.449451;
