% Public, Prob, theta = 6, n = 30, ALPHA = 1, BETA = 0.2, MAX_RANGE = 1.6, MIN_RANGE = 0.5, adaptive 
metric1(1) = 0.200000;
metric2(1) = 0.462114;
metric1(2) = 0.255556;
metric2(2) = 0.360395;
metric1(3) = 0.233333;
metric2(3) = 0.354823;
metric1(4) = 0.216667;
metric2(4) = 0.422259;
metric1(5) = 0.161111;
metric2(5) = 0.488455;
metric1(6) = 0.155556;
metric2(6) = 0.547211;
metric1(7) = 0.205556;
metric2(7) = 0.532490;
metric1(8) = 0.216667;
metric2(8) = 0.429139;
metric1(9) = 0.211111;
metric2(9) = 0.465460;
metric1(10) = 0.233333;
metric2(10) = 0.412947;
metric1(11) = 0.172222;
metric2(11) = 0.522451;
metric1(12) = 0.200000;
metric2(12) = 0.460632;
metric1(13) = 0.244444;
metric2(13) = 0.393006;
metric1(14) = 0.211111;
metric2(14) = 0.420754;
metric1(15) = 0.255556;
metric2(15) = 0.347959;
metric1(16) = 0.188889;
metric2(16) = 0.477379;
metric1(17) = 0.227778;
metric2(17) = 0.433779;
metric1(18) = 0.216667;
metric2(18) = 0.448464;
metric1(19) = 0.200000;
metric2(19) = 0.458092;
metric1(20) = 0.200000;
metric2(20) = 0.519812;
metric1(21) = 0.194444;
metric2(21) = 0.530814;
metric1(22) = 0.233333;
metric2(22) = 0.446853;
metric1(23) = 0.211111;
metric2(23) = 0.443834;
metric1(24) = 0.172222;
metric2(24) = 0.567673;
metric1(25) = 0.200000;
metric2(25) = 0.469435;
metric1(26) = 0.183333;
metric2(26) = 0.600137;
metric1(27) = 0.227778;
metric2(27) = 0.423895;
metric1(28) = 0.216667;
metric2(28) = 0.401738;
metric1(29) = 0.183333;
metric2(29) = 0.513728;
metric1(30) = 0.188889;
metric2(30) = 0.551389;
metric1(31) = 0.227778;
metric2(31) = 0.431938;
metric1(32) = 0.183333;
metric2(32) = 0.475143;
metric1(33) = 0.222222;
metric2(33) = 0.465625;
metric1(34) = 0.188889;
metric2(34) = 0.561509;
metric1(35) = 0.188889;
metric2(35) = 0.551178;
metric1(36) = 0.188889;
metric2(36) = 0.514277;
metric1(37) = 0.155556;
metric2(37) = 0.537481;
metric1(38) = 0.211111;
metric2(38) = 0.485415;
metric1(39) = 0.205556;
metric2(39) = 0.457781;
metric1(40) = 0.200000;
metric2(40) = 0.460776;
