% Public, Deterministic, theta = 5, n = 30, ALPHA = 0.6, BETA = 0.1, MAX_RANGE = 1.6, MIN_RANGE = 0.5, adaptive 
metric1(1) = 0.166667;
metric2(1) = 0.478730;
metric1(2) = 0.216667;
metric2(2) = 0.421322;
metric1(3) = 0.177778;
metric2(3) = 0.467063;
metric1(4) = 0.244444;
metric2(4) = 0.413643;
metric1(5) = 0.200000;
metric2(5) = 0.421738;
metric1(6) = 0.216667;
metric2(6) = 0.402667;
metric1(7) = 0.211111;
metric2(7) = 0.463457;
metric1(8) = 0.211111;
metric2(8) = 0.395427;
metric1(9) = 0.211111;
metric2(9) = 0.463473;
metric1(10) = 0.222222;
metric2(10) = 0.411380;
metric1(11) = 0.216667;
metric2(11) = 0.425495;
metric1(12) = 0.200000;
metric2(12) = 0.404465;
metric1(13) = 0.216667;
metric2(13) = 0.437028;
metric1(14) = 0.183333;
metric2(14) = 0.482901;
metric1(15) = 0.177778;
metric2(15) = 0.526233;
metric1(16) = 0.227778;
metric2(16) = 0.422846;
metric1(17) = 0.222222;
metric2(17) = 0.447709;
metric1(18) = 0.216667;
metric2(18) = 0.461031;
metric1(19) = 0.200000;
metric2(19) = 0.444580;
metric1(20) = 0.216667;
metric2(20) = 0.431292;
metric1(21) = 0.183333;
metric2(21) = 0.501316;
metric1(22) = 0.194444;
metric2(22) = 0.507951;
metric1(23) = 0.216667;
metric2(23) = 0.439268;
metric1(24) = 0.227778;
metric2(24) = 0.375292;
metric1(25) = 0.205556;
metric2(25) = 0.495365;
metric1(26) = 0.205556;
metric2(26) = 0.432442;
metric1(27) = 0.194444;
metric2(27) = 0.474253;
metric1(28) = 0.200000;
metric2(28) = 0.485173;
metric1(29) = 0.183333;
metric2(29) = 0.451397;
metric1(30) = 0.161111;
metric2(30) = 0.522191;
metric1(31) = 0.211111;
metric2(31) = 0.428212;
metric1(32) = 0.100000;
metric2(32) = 0.618979;
metric1(33) = 0.227778;
metric2(33) = 0.421840;
metric1(34) = 0.211111;
metric2(34) = 0.401192;
metric1(35) = 0.188889;
metric2(35) = 0.542044;
metric1(36) = 0.238889;
metric2(36) = 0.370459;
metric1(37) = 0.188889;
metric2(37) = 0.451347;
metric1(38) = 0.205556;
metric2(38) = 0.450584;
metric1(39) = 0.211111;
metric2(39) = 0.502420;
metric1(40) = 0.188889;
metric2(40) = 0.506330;
