% Public, Det, theta = 5, n =inf, ALPHA = 1, BETA = 0.1, MAX_RANGE = 0.4, MIN_RANGE = 0.2, Adaptive 
metric1(1) = 0.227778;
metric2(1) = 0.441141;
metric1(2) = 0.205556;
metric2(2) = 0.462532;
metric1(3) = 0.194444;
metric2(3) = 0.487708;
metric1(4) = 0.211111;
metric2(4) = 0.479844;
metric1(5) = 0.211111;
metric2(5) = 0.416262;
metric1(6) = 0.200000;
metric2(6) = 0.422625;
metric1(7) = 0.188889;
metric2(7) = 0.437218;
metric1(8) = 0.205556;
metric2(8) = 0.432089;
metric1(9) = 0.233333;
metric2(9) = 0.429331;
metric1(10) = 0.166667;
metric2(10) = 0.473024;
metric1(11) = 0.233333;
metric2(11) = 0.387442;
metric1(12) = 0.188889;
metric2(12) = 0.500120;
metric1(13) = 0.227778;
metric2(13) = 0.406235;
metric1(14) = 0.205556;
metric2(14) = 0.483859;
metric1(15) = 0.194444;
metric2(15) = 0.479707;
metric1(16) = 0.211111;
metric2(16) = 0.449367;
metric1(17) = 0.200000;
metric2(17) = 0.430858;
metric1(18) = 0.216667;
metric2(18) = 0.473423;
metric1(19) = 0.211111;
metric2(19) = 0.441543;
metric1(20) = 0.211111;
metric2(20) = 0.475291;
metric1(21) = 0.222222;
metric2(21) = 0.456254;
metric1(22) = 0.227778;
metric2(22) = 0.395839;
metric1(23) = 0.222222;
metric2(23) = 0.414957;
metric1(24) = 0.188889;
metric2(24) = 0.513221;
metric1(25) = 0.188889;
metric2(25) = 0.491274;
metric1(26) = 0.183333;
metric2(26) = 0.572337;
metric1(27) = 0.216667;
metric2(27) = 0.489424;
metric1(28) = 0.183333;
metric2(28) = 0.512268;
metric1(29) = 0.216667;
metric2(29) = 0.450207;
metric1(30) = 0.227778;
metric2(30) = 0.418475;
metric1(31) = 0.216667;
metric2(31) = 0.413520;
metric1(32) = 0.205556;
metric2(32) = 0.445621;
metric1(33) = 0.233333;
metric2(33) = 0.391159;
metric1(34) = 0.205556;
metric2(34) = 0.496651;
metric1(35) = 0.211111;
metric2(35) = 0.461090;
metric1(36) = 0.194444;
metric2(36) = 0.404502;
metric1(37) = 0.205556;
metric2(37) = 0.431897;
metric1(38) = 0.172222;
metric2(38) = 0.544140;
metric1(39) = 0.227778;
metric2(39) = 0.440208;
metric1(40) = 0.205556;
metric2(40) = 0.441392;
