% Public, Det, theta = 5, n =inf, ALPHA = 1, BETA = 0.1, MAX_RANGE = 0.4, MIN_RANGE = 0.2, Adaptive 
pubVar3_metric1(1) = 0.227778;
pubVar3_metric2(1) = 0.441141;
pubVar3_metric1(2) = 0.205556;
pubVar3_metric2(2) = 0.462532;
pubVar3_metric1(3) = 0.194444;
pubVar3_metric2(3) = 0.487708;
pubVar3_metric1(4) = 0.211111;
pubVar3_metric2(4) = 0.479844;
pubVar3_metric1(5) = 0.211111;
pubVar3_metric2(5) = 0.416262;
pubVar3_metric1(6) = 0.200000;
pubVar3_metric2(6) = 0.422625;
pubVar3_metric1(7) = 0.188889;
pubVar3_metric2(7) = 0.437218;
pubVar3_metric1(8) = 0.205556;
pubVar3_metric2(8) = 0.432089;
pubVar3_metric1(9) = 0.233333;
pubVar3_metric2(9) = 0.429331;
pubVar3_metric1(10) = 0.166667;
pubVar3_metric2(10) = 0.473024;
pubVar3_metric1(11) = 0.233333;
pubVar3_metric2(11) = 0.387442;
pubVar3_metric1(12) = 0.188889;
pubVar3_metric2(12) = 0.500120;
pubVar3_metric1(13) = 0.227778;
pubVar3_metric2(13) = 0.406235;
pubVar3_metric1(14) = 0.205556;
pubVar3_metric2(14) = 0.483859;
pubVar3_metric1(15) = 0.194444;
pubVar3_metric2(15) = 0.479707;
pubVar3_metric1(16) = 0.211111;
pubVar3_metric2(16) = 0.449367;
pubVar3_metric1(17) = 0.200000;
pubVar3_metric2(17) = 0.430858;
pubVar3_metric1(18) = 0.216667;
pubVar3_metric2(18) = 0.473423;
pubVar3_metric1(19) = 0.211111;
pubVar3_metric2(19) = 0.441543;
pubVar3_metric1(20) = 0.211111;
pubVar3_metric2(20) = 0.475291;
pubVar3_metric1(21) = 0.222222;
pubVar3_metric2(21) = 0.456254;
pubVar3_metric1(22) = 0.227778;
pubVar3_metric2(22) = 0.395839;
pubVar3_metric1(23) = 0.222222;
pubVar3_metric2(23) = 0.414957;
pubVar3_metric1(24) = 0.188889;
pubVar3_metric2(24) = 0.513221;
pubVar3_metric1(25) = 0.188889;
pubVar3_metric2(25) = 0.491274;
pubVar3_metric1(26) = 0.183333;
pubVar3_metric2(26) = 0.572337;
pubVar3_metric1(27) = 0.216667;
pubVar3_metric2(27) = 0.489424;
pubVar3_metric1(28) = 0.183333;
pubVar3_metric2(28) = 0.512268;
pubVar3_metric1(29) = 0.216667;
pubVar3_metric2(29) = 0.450207;
pubVar3_metric1(30) = 0.227778;
pubVar3_metric2(30) = 0.418475;
pubVar3_metric1(31) = 0.216667;
pubVar3_metric2(31) = 0.413520;
pubVar3_metric1(32) = 0.205556;
pubVar3_metric2(32) = 0.445621;
pubVar3_metric1(33) = 0.233333;
pubVar3_metric2(33) = 0.391159;
pubVar3_metric1(34) = 0.205556;
pubVar3_metric2(34) = 0.496651;
pubVar3_metric1(35) = 0.211111;
pubVar3_metric2(35) = 0.461090;
pubVar3_metric1(36) = 0.194444;
pubVar3_metric2(36) = 0.404502;
pubVar3_metric1(37) = 0.205556;
pubVar3_metric2(37) = 0.431897;
pubVar3_metric1(38) = 0.172222;
pubVar3_metric2(38) = 0.544140;
pubVar3_metric1(39) = 0.227778;
pubVar3_metric2(39) = 0.440208;
pubVar3_metric1(40) = 0.205556;
pubVar3_metric2(40) = 0.441392;
