% Public, Det, theta = 5, n =inf, ALPHA = 1, BETA = 0.2, MAX_RANGE = 0.4, MIN_RANGE = 0.2, Adaptive 
pubVar4_metric1(1) = 0.222222;
pubVar4_metric2(1) = 0.444089;
pubVar4_metric1(2) = 0.222222;
pubVar4_metric2(2) = 0.446282;
pubVar4_metric1(3) = 0.250000;
pubVar4_metric2(3) = 0.393470;
pubVar4_metric1(4) = 0.205556;
pubVar4_metric2(4) = 0.414519;
pubVar4_metric1(5) = 0.183333;
pubVar4_metric2(5) = 0.557962;
pubVar4_metric1(6) = 0.227778;
pubVar4_metric2(6) = 0.461403;
pubVar4_metric1(7) = 0.222222;
pubVar4_metric2(7) = 0.396317;
pubVar4_metric1(8) = 0.244444;
pubVar4_metric2(8) = 0.390809;
pubVar4_metric1(9) = 0.188889;
pubVar4_metric2(9) = 0.449793;
pubVar4_metric1(10) = 0.211111;
pubVar4_metric2(10) = 0.438693;
pubVar4_metric1(11) = 0.200000;
pubVar4_metric2(11) = 0.469942;
pubVar4_metric1(12) = 0.188889;
pubVar4_metric2(12) = 0.552603;
pubVar4_metric1(13) = 0.211111;
pubVar4_metric2(13) = 0.488039;
pubVar4_metric1(14) = 0.227778;
pubVar4_metric2(14) = 0.417916;
pubVar4_metric1(15) = 0.227778;
pubVar4_metric2(15) = 0.394564;
pubVar4_metric1(16) = 0.222222;
pubVar4_metric2(16) = 0.426906;
pubVar4_metric1(17) = 0.216667;
pubVar4_metric2(17) = 0.445063;
pubVar4_metric1(18) = 0.194444;
pubVar4_metric2(18) = 0.522883;
pubVar4_metric1(19) = 0.161111;
pubVar4_metric2(19) = 0.469364;
pubVar4_metric1(20) = 0.188889;
pubVar4_metric2(20) = 0.537918;
pubVar4_metric1(21) = 0.216667;
pubVar4_metric2(21) = 0.487005;
pubVar4_metric1(22) = 0.205556;
pubVar4_metric2(22) = 0.481378;
pubVar4_metric1(23) = 0.166667;
pubVar4_metric2(23) = 0.510175;
pubVar4_metric1(24) = 0.233333;
pubVar4_metric2(24) = 0.420880;
pubVar4_metric1(25) = 0.216667;
pubVar4_metric2(25) = 0.420751;
pubVar4_metric1(26) = 0.216667;
pubVar4_metric2(26) = 0.433411;
pubVar4_metric1(27) = 0.194444;
pubVar4_metric2(27) = 0.406849;
pubVar4_metric1(28) = 0.205556;
pubVar4_metric2(28) = 0.464115;
pubVar4_metric1(29) = 0.216667;
pubVar4_metric2(29) = 0.398217;
pubVar4_metric1(30) = 0.244444;
pubVar4_metric2(30) = 0.389662;
pubVar4_metric1(31) = 0.233333;
pubVar4_metric2(31) = 0.398774;
pubVar4_metric1(32) = 0.172222;
pubVar4_metric2(32) = 0.543776;
pubVar4_metric1(33) = 0.205556;
pubVar4_metric2(33) = 0.486513;
pubVar4_metric1(34) = 0.222222;
pubVar4_metric2(34) = 0.423954;
pubVar4_metric1(35) = 0.244444;
pubVar4_metric2(35) = 0.392918;
pubVar4_metric1(36) = 0.205556;
pubVar4_metric2(36) = 0.483900;
pubVar4_metric1(37) = 0.227778;
pubVar4_metric2(37) = 0.414537;
pubVar4_metric1(38) = 0.222222;
pubVar4_metric2(38) = 0.444786;
pubVar4_metric1(39) = 0.238889;
pubVar4_metric2(39) = 0.416136;
pubVar4_metric1(40) = 0.200000;
pubVar4_metric2(40) = 0.449451;
