% Public, Deterministic, theta = 5, n = 30, ALPHA = 0.6, BETA = 0.1, MAX_RANGE = 1.6, MIN_RANGE = 0.5, adaptive 
pubVar1_metric1(1) = 0.166667;
pubVar1_metric2(1) = 0.478730;
pubVar1_metric1(2) = 0.216667;
pubVar1_metric2(2) = 0.421322;
pubVar1_metric1(3) = 0.177778;
pubVar1_metric2(3) = 0.467063;
pubVar1_metric1(4) = 0.244444;
pubVar1_metric2(4) = 0.413643;
pubVar1_metric1(5) = 0.200000;
pubVar1_metric2(5) = 0.421738;
pubVar1_metric1(6) = 0.216667;
pubVar1_metric2(6) = 0.402667;
pubVar1_metric1(7) = 0.211111;
pubVar1_metric2(7) = 0.463457;
pubVar1_metric1(8) = 0.211111;
pubVar1_metric2(8) = 0.395427;
pubVar1_metric1(9) = 0.211111;
pubVar1_metric2(9) = 0.463473;
pubVar1_metric1(10) = 0.222222;
pubVar1_metric2(10) = 0.411380;
pubVar1_metric1(11) = 0.216667;
pubVar1_metric2(11) = 0.425495;
pubVar1_metric1(12) = 0.200000;
pubVar1_metric2(12) = 0.404465;
pubVar1_metric1(13) = 0.216667;
pubVar1_metric2(13) = 0.437028;
pubVar1_metric1(14) = 0.183333;
pubVar1_metric2(14) = 0.482901;
pubVar1_metric1(15) = 0.177778;
pubVar1_metric2(15) = 0.526233;
pubVar1_metric1(16) = 0.227778;
pubVar1_metric2(16) = 0.422846;
pubVar1_metric1(17) = 0.222222;
pubVar1_metric2(17) = 0.447709;
pubVar1_metric1(18) = 0.216667;
pubVar1_metric2(18) = 0.461031;
pubVar1_metric1(19) = 0.200000;
pubVar1_metric2(19) = 0.444580;
pubVar1_metric1(20) = 0.216667;
pubVar1_metric2(20) = 0.431292;
pubVar1_metric1(21) = 0.183333;
pubVar1_metric2(21) = 0.501316;
pubVar1_metric1(22) = 0.194444;
pubVar1_metric2(22) = 0.507951;
pubVar1_metric1(23) = 0.216667;
pubVar1_metric2(23) = 0.439268;
pubVar1_metric1(24) = 0.227778;
pubVar1_metric2(24) = 0.375292;
pubVar1_metric1(25) = 0.205556;
pubVar1_metric2(25) = 0.495365;
pubVar1_metric1(26) = 0.205556;
pubVar1_metric2(26) = 0.432442;
pubVar1_metric1(27) = 0.194444;
pubVar1_metric2(27) = 0.474253;
pubVar1_metric1(28) = 0.200000;
pubVar1_metric2(28) = 0.485173;
pubVar1_metric1(29) = 0.183333;
pubVar1_metric2(29) = 0.451397;
pubVar1_metric1(30) = 0.161111;
pubVar1_metric2(30) = 0.522191;
pubVar1_metric1(31) = 0.211111;
pubVar1_metric2(31) = 0.428212;
pubVar1_metric1(32) = 0.100000;
pubVar1_metric2(32) = 0.618979;
pubVar1_metric1(33) = 0.227778;
pubVar1_metric2(33) = 0.421840;
pubVar1_metric1(34) = 0.211111;
pubVar1_metric2(34) = 0.401192;
pubVar1_metric1(35) = 0.188889;
pubVar1_metric2(35) = 0.542044;
pubVar1_metric1(36) = 0.238889;
pubVar1_metric2(36) = 0.370459;
pubVar1_metric1(37) = 0.188889;
pubVar1_metric2(37) = 0.451347;
pubVar1_metric1(38) = 0.205556;
pubVar1_metric2(38) = 0.450584;
pubVar1_metric1(39) = 0.211111;
pubVar1_metric2(39) = 0.502420;
pubVar1_metric1(40) = 0.188889;
pubVar1_metric2(40) = 0.506330;
