% Public, Det, theta = 5, n =inf, ALPHA = 1, BETA = 0.1, MAX_RANGE = 0.4, MIN_RANGE = 0.2, Non-Adaptive 
metric1(1) = 0.233333;
metric2(1) = 0.356581;
metric1(2) = 0.200000;
metric2(2) = 0.314055;
metric1(3) = 0.127778;
metric2(3) = 0.464678;
metric1(4) = 0.227778;
metric2(4) = 0.290146;
metric1(5) = 0.216667;
metric2(5) = 0.360062;
metric1(6) = 0.161111;
metric2(6) = 0.367397;
metric1(7) = 0.222222;
metric2(7) = 0.335292;
metric1(8) = 0.200000;
metric2(8) = 0.373697;
metric1(9) = 0.127778;
metric2(9) = 0.396054;
metric1(10) = 0.144444;
metric2(10) = 0.385359;
metric1(11) = 0.161111;
metric2(11) = 0.344953;
metric1(12) = 0.200000;
metric2(12) = 0.390333;
metric1(13) = 0.222222;
metric2(13) = 0.321438;
metric1(14) = 0.177778;
metric2(14) = 0.363312;
metric1(15) = 0.155556;
metric2(15) = 0.398241;
metric1(16) = 0.200000;
metric2(16) = 0.359553;
metric1(17) = 0.172222;
metric2(17) = 0.402782;
metric1(18) = 0.177778;
metric2(18) = 0.324457;
metric1(19) = 0.205556;
metric2(19) = 0.367409;
metric1(20) = 0.200000;
metric2(20) = 0.355237;
metric1(21) = 0.172222;
metric2(21) = 0.410790;
metric1(22) = 0.133333;
metric2(22) = 0.431355;
metric1(23) = 0.233333;
metric2(23) = 0.352736;
metric1(24) = 0.238889;
metric2(24) = 0.389525;
metric1(25) = 0.177778;
metric2(25) = 0.422812;
metric1(26) = 0.183333;
metric2(26) = 0.384423;
metric1(27) = 0.200000;
metric2(27) = 0.394761;
metric1(28) = 0.133333;
metric2(28) = 0.445762;
metric1(29) = 0.227778;
metric2(29) = 0.375736;
metric1(30) = 0.172222;
metric2(30) = 0.434570;
metric1(31) = 0.205556;
metric2(31) = 0.333163;
metric1(32) = 0.133333;
metric2(32) = 0.426550;
metric1(33) = 0.116667;
metric2(33) = 0.462860;
metric1(34) = 0.188889;
metric2(34) = 0.432207;
metric1(35) = 0.100000;
metric2(35) = 0.411157;
metric1(36) = 0.227778;
metric2(36) = 0.380233;
metric1(37) = 0.122222;
metric2(37) = 0.396287;
metric1(38) = 0.188889;
metric2(38) = 0.411667;
metric1(39) = 0.222222;
metric2(39) = 0.318619;
metric1(40) = 0.188889;
metric2(40) = 0.370565;
