% Public, Det, theta = 5, n =inf, ALPHA = 1, BETA = 0.2, MAX_RANGE = 0.4, MIN_RANGE = 0.2, Non-Adaptive 
pubVar6_metric1(1) = 0.200000;
pubVar6_metric2(1) = 0.351112;
pubVar6_metric1(2) = 0.211111;
pubVar6_metric2(2) = 0.393851;
pubVar6_metric1(3) = 0.211111;
pubVar6_metric2(3) = 0.407437;
pubVar6_metric1(4) = 0.216667;
pubVar6_metric2(4) = 0.348894;
pubVar6_metric1(5) = 0.244444;
pubVar6_metric2(5) = 0.324231;
pubVar6_metric1(6) = 0.177778;
pubVar6_metric2(6) = 0.349213;
pubVar6_metric1(7) = 0.233333;
pubVar6_metric2(7) = 0.374247;
pubVar6_metric1(8) = 0.216667;
pubVar6_metric2(8) = 0.401587;
pubVar6_metric1(9) = 0.166667;
pubVar6_metric2(9) = 0.357822;
pubVar6_metric1(10) = 0.205556;
pubVar6_metric2(10) = 0.360992;
pubVar6_metric1(11) = 0.177778;
pubVar6_metric2(11) = 0.396695;
pubVar6_metric1(12) = 0.166667;
pubVar6_metric2(12) = 0.412780;
pubVar6_metric1(13) = 0.172222;
pubVar6_metric2(13) = 0.344706;
pubVar6_metric1(14) = 0.216667;
pubVar6_metric2(14) = 0.358063;
pubVar6_metric1(15) = 0.194444;
pubVar6_metric2(15) = 0.399451;
pubVar6_metric1(16) = 0.216667;
pubVar6_metric2(16) = 0.353774;
pubVar6_metric1(17) = 0.211111;
pubVar6_metric2(17) = 0.411495;
pubVar6_metric1(18) = 0.177778;
pubVar6_metric2(18) = 0.368292;
pubVar6_metric1(19) = 0.155556;
pubVar6_metric2(19) = 0.376231;
pubVar6_metric1(20) = 0.166667;
pubVar6_metric2(20) = 0.345272;
pubVar6_metric1(21) = 0.188889;
pubVar6_metric2(21) = 0.360359;
pubVar6_metric1(22) = 0.183333;
pubVar6_metric2(22) = 0.368454;
pubVar6_metric1(23) = 0.211111;
pubVar6_metric2(23) = 0.377516;
pubVar6_metric1(24) = 0.222222;
pubVar6_metric2(24) = 0.381318;
pubVar6_metric1(25) = 0.150000;
pubVar6_metric2(25) = 0.464374;
pubVar6_metric1(26) = 0.255556;
pubVar6_metric2(26) = 0.361814;
pubVar6_metric1(27) = 0.188889;
pubVar6_metric2(27) = 0.380792;
pubVar6_metric1(28) = 0.161111;
pubVar6_metric2(28) = 0.388232;
pubVar6_metric1(29) = 0.216667;
pubVar6_metric2(29) = 0.370447;
pubVar6_metric1(30) = 0.188889;
pubVar6_metric2(30) = 0.363939;
pubVar6_metric1(31) = 0.194444;
pubVar6_metric2(31) = 0.387205;
pubVar6_metric1(32) = 0.200000;
pubVar6_metric2(32) = 0.400882;
pubVar6_metric1(33) = 0.194444;
pubVar6_metric2(33) = 0.420326;
pubVar6_metric1(34) = 0.177778;
pubVar6_metric2(34) = 0.402829;
pubVar6_metric1(35) = 0.188889;
pubVar6_metric2(35) = 0.382941;
pubVar6_metric1(36) = 0.227778;
pubVar6_metric2(36) = 0.374407;
pubVar6_metric1(37) = 0.205556;
pubVar6_metric2(37) = 0.314120;
pubVar6_metric1(38) = 0.188889;
pubVar6_metric2(38) = 0.420990;
pubVar6_metric1(39) = 0.172222;
pubVar6_metric2(39) = 0.378564;
pubVar6_metric1(40) = 0.205556;
pubVar6_metric2(40) = 0.327763;
