% Public, Det, theta = 5, n =inf, ALPHA = 1, BETA = 0.2, MAX_RANGE = 0.4, MIN_RANGE = 0.2, Non-Adaptive 
metric1(1) = 0.200000;
metric2(1) = 0.351112;
metric1(2) = 0.211111;
metric2(2) = 0.393851;
metric1(3) = 0.211111;
metric2(3) = 0.407437;
metric1(4) = 0.216667;
metric2(4) = 0.348894;
metric1(5) = 0.244444;
metric2(5) = 0.324231;
metric1(6) = 0.177778;
metric2(6) = 0.349213;
metric1(7) = 0.233333;
metric2(7) = 0.374247;
metric1(8) = 0.216667;
metric2(8) = 0.401587;
metric1(9) = 0.166667;
metric2(9) = 0.357822;
metric1(10) = 0.205556;
metric2(10) = 0.360992;
metric1(11) = 0.177778;
metric2(11) = 0.396695;
metric1(12) = 0.166667;
metric2(12) = 0.412780;
metric1(13) = 0.172222;
metric2(13) = 0.344706;
metric1(14) = 0.216667;
metric2(14) = 0.358063;
metric1(15) = 0.194444;
metric2(15) = 0.399451;
metric1(16) = 0.216667;
metric2(16) = 0.353774;
metric1(17) = 0.211111;
metric2(17) = 0.411495;
metric1(18) = 0.177778;
metric2(18) = 0.368292;
metric1(19) = 0.155556;
metric2(19) = 0.376231;
metric1(20) = 0.166667;
metric2(20) = 0.345272;
metric1(21) = 0.188889;
metric2(21) = 0.360359;
metric1(22) = 0.183333;
metric2(22) = 0.368454;
metric1(23) = 0.211111;
metric2(23) = 0.377516;
metric1(24) = 0.222222;
metric2(24) = 0.381318;
metric1(25) = 0.150000;
metric2(25) = 0.464374;
metric1(26) = 0.255556;
metric2(26) = 0.361814;
metric1(27) = 0.188889;
metric2(27) = 0.380792;
metric1(28) = 0.161111;
metric2(28) = 0.388232;
metric1(29) = 0.216667;
metric2(29) = 0.370447;
metric1(30) = 0.188889;
metric2(30) = 0.363939;
metric1(31) = 0.194444;
metric2(31) = 0.387205;
metric1(32) = 0.200000;
metric2(32) = 0.400882;
metric1(33) = 0.194444;
metric2(33) = 0.420326;
metric1(34) = 0.177778;
metric2(34) = 0.402829;
metric1(35) = 0.188889;
metric2(35) = 0.382941;
metric1(36) = 0.227778;
metric2(36) = 0.374407;
metric1(37) = 0.205556;
metric2(37) = 0.314120;
metric1(38) = 0.188889;
metric2(38) = 0.420990;
metric1(39) = 0.172222;
metric2(39) = 0.378564;
metric1(40) = 0.205556;
metric2(40) = 0.327763;
