% Public, Prob, theta = 6, n = 30, ALPHA = 1, BETA = 0.2, MAX_RANGE = 1.6, MIN_RANGE = 0.5, adaptive 
pubVar2_metric1(1) = 0.200000;
pubVar2_metric2(1) = 0.462114;
pubVar2_metric1(2) = 0.255556;
pubVar2_metric2(2) = 0.360395;
pubVar2_metric1(3) = 0.233333;
pubVar2_metric2(3) = 0.354823;
pubVar2_metric1(4) = 0.216667;
pubVar2_metric2(4) = 0.422259;
pubVar2_metric1(5) = 0.161111;
pubVar2_metric2(5) = 0.488455;
pubVar2_metric1(6) = 0.155556;
pubVar2_metric2(6) = 0.547211;
pubVar2_metric1(7) = 0.205556;
pubVar2_metric2(7) = 0.532490;
pubVar2_metric1(8) = 0.216667;
pubVar2_metric2(8) = 0.429139;
pubVar2_metric1(9) = 0.211111;
pubVar2_metric2(9) = 0.465460;
pubVar2_metric1(10) = 0.233333;
pubVar2_metric2(10) = 0.412947;
pubVar2_metric1(11) = 0.172222;
pubVar2_metric2(11) = 0.522451;
pubVar2_metric1(12) = 0.200000;
pubVar2_metric2(12) = 0.460632;
pubVar2_metric1(13) = 0.244444;
pubVar2_metric2(13) = 0.393006;
pubVar2_metric1(14) = 0.211111;
pubVar2_metric2(14) = 0.420754;
pubVar2_metric1(15) = 0.255556;
pubVar2_metric2(15) = 0.347959;
pubVar2_metric1(16) = 0.188889;
pubVar2_metric2(16) = 0.477379;
pubVar2_metric1(17) = 0.227778;
pubVar2_metric2(17) = 0.433779;
pubVar2_metric1(18) = 0.216667;
pubVar2_metric2(18) = 0.448464;
pubVar2_metric1(19) = 0.200000;
pubVar2_metric2(19) = 0.458092;
pubVar2_metric1(20) = 0.200000;
pubVar2_metric2(20) = 0.519812;
pubVar2_metric1(21) = 0.194444;
pubVar2_metric2(21) = 0.530814;
pubVar2_metric1(22) = 0.233333;
pubVar2_metric2(22) = 0.446853;
pubVar2_metric1(23) = 0.211111;
pubVar2_metric2(23) = 0.443834;
pubVar2_metric1(24) = 0.172222;
pubVar2_metric2(24) = 0.567673;
pubVar2_metric1(25) = 0.200000;
pubVar2_metric2(25) = 0.469435;
pubVar2_metric1(26) = 0.183333;
pubVar2_metric2(26) = 0.600137;
pubVar2_metric1(27) = 0.227778;
pubVar2_metric2(27) = 0.423895;
pubVar2_metric1(28) = 0.216667;
pubVar2_metric2(28) = 0.401738;
pubVar2_metric1(29) = 0.183333;
pubVar2_metric2(29) = 0.513728;
pubVar2_metric1(30) = 0.188889;
pubVar2_metric2(30) = 0.551389;
pubVar2_metric1(31) = 0.227778;
pubVar2_metric2(31) = 0.431938;
pubVar2_metric1(32) = 0.183333;
pubVar2_metric2(32) = 0.475143;
pubVar2_metric1(33) = 0.222222;
pubVar2_metric2(33) = 0.465625;
pubVar2_metric1(34) = 0.188889;
pubVar2_metric2(34) = 0.561509;
pubVar2_metric1(35) = 0.188889;
pubVar2_metric2(35) = 0.551178;
pubVar2_metric1(36) = 0.188889;
pubVar2_metric2(36) = 0.514277;
pubVar2_metric1(37) = 0.155556;
pubVar2_metric2(37) = 0.537481;
pubVar2_metric1(38) = 0.211111;
pubVar2_metric2(38) = 0.485415;
pubVar2_metric1(39) = 0.205556;
pubVar2_metric2(39) = 0.457781;
pubVar2_metric1(40) = 0.200000;
pubVar2_metric2(40) = 0.460776;
